0
0
0
0
0
0
0
0
0
0
0
0
0
0
0
0
0
0
0
0
0
0
0
0
0
0
0
0
-0.06375520772450892
-1.393961472164658
-2.439428736953891
0.1902796682434273
1.0819536584195035
2.655991772224685
0
0
0
0
0
0
0
0
0
0
0
0
0
0
0
0
0
0
0
0
0
0
0.17301987334619673
0
0
0
-0.17301987334619673
0
-0.004274712353743961
-0.36250285440196395
-2.0957539739258353
0.009668021529884436
0.14595665158199986
1.0006310704164671
0
0
0
0
0
0
0
0
0
0
0
0
0
0
0
0
0
0
0
0
0
0
0.17301987334619673
0
0
0
-0.17301987334619673
0
-0.004274712353743961
-0.36250285440196395
-2.0957539739258353
0.009668021529884436
0.14595665158199986
1.0006310704164671
0
0
0
0
0
0
0
0
0
0
0
0
0
0
0
0
0
0
0
0
0
0
0
0
0
0
0
0
-0.06375520772450892
-1.393961472164658
-2.439428736953891
0.1902796682434273
1.0819536584195035
2.655991772224685
