0
0
0
0
0
0
0
0
0
0
0
0
0
0
0
0
0
0
0
0
0
0
0
0
0
0
0
0
-0.07746870540971756
-0.2748339314218718
0.3364208381955024
0.43139420454150834
0.8821237659269727
0.8753320332615746
0
0
0
0
0
0
0
0
0
0
0
0
0
0
0
0
0
0
0
0
0
0
0.0319116897330993
0
0
0
-0.0319116897330993
0
0.0012733534817891696
0.01090920435461175
-0.3590600971589932
-0.0028276837733959012
-0.02405017637087231
0.10301200163895677
0
0
0
0
0
0
0
0
0
0
0
0
0
0
0
0
0
0
0
0
0
0
0.0319116897330993
0
0
0
-0.0319116897330993
0
0.0012733534817891696
0.01090920435461175
-0.3590600971589932
-0.0028276837733959012
-0.02405017637087231
0.10301200163895677
0
0
0
0
0
0
0
0
0
0
0
0
0
0
0
0
0
0
0
0
0
0
0
0
0
0
0
0
-0.07746870540971756
-0.2748339314218718
0.3364208381955024
0.43139420454150834
0.8821237659269727
0.8753320332615746
