0
0
0
0
0
0
0
0
0
0
0
0
0
0
0
0
0
0
0
0
0
0
0
0
0
0
0
0
-0.06375520772450893
-1.3939614721646578
-2.4394287369538907
0.1902796682434273
1.0819536584195035
2.6559917722246844
0
0
0
0
0
0
0
0
0
0
0
0
0
0
0
0
0
0
0
0
0
0
0.17301987334619678
0
0
0
-0.17301987334619678
0
-0.004274712353743962
-0.36250285440196395
-2.0957539739258357
0.009668021529884434
0.14595665158199986
1.0006310704164671
0
0
0
0
0
0
0
0
0
0
0
0
0
0
0
0
0
0
0
0
0
0
0.17301987334619678
0
0
0
-0.17301987334619678
0
-0.004274712353743962
-0.36250285440196395
-2.0957539739258357
0.009668021529884434
0.14595665158199986
1.0006310704164671
0
0
0
0
0
0
0
0
0
0
0
0
0
0
0
0
0
0
0
0
0
0
0
0
0
0
0
0
-0.06375520772450893
-1.3939614721646578
-2.4394287369538907
0.1902796682434273
1.0819536584195035
2.6559917722246844
