0
0
0
0
0
0
0
0
0
0
0
0
0
0
0
0
0
0
0
0
0
0
-0.10705946039683129
0
0
0
0.10705946039683131
0
0.12096031036396077
1.5436810395759453
2.0188445251112532
-0.5230515928113382
-1.7344203189581615
-3.219660000305777
0
0
0
0
0
0
0
0
0
0
0
0
0
0
0
0
0
0
0
0
0
0
-0.2679983439939264
0
0
0
0.2679983439939264
0
0.007428415259449551
0.42268670130804525
2.333054298607022
-0.02330307271870519
-0.1930994422788896
-1.1817882449402246
0
0
0
0
0
0
0
0
0
0
0
0
0
0
0
0
0
0
0
0
0
0
-0.2679983439939264
0
0
0
0.2679983439939264
0
0.007428415259449551
0.42268670130804525
2.333054298607022
-0.02330307271870519
-0.1930994422788896
-1.1817882449402246
0
0
0
0
0
0
0
0
0
0
0
0
0
0
0
0
0
0
0
0
0
0
-0.10705946039683131
0
0
0
0.10705946039683129
0
0.1209603103639608
1.5436810395759453
2.0188445251112532
-0.5230515928113382
-1.7344203189581615
-3.219660000305777
