0
0
0
0
0
0
0
0
0
0
0
0
0
0
0
0
0
0
0
0
0
0
0
0
0
0
0
0
-0.07746870540971763
-0.274833931421872
0.3364208381955023
0.4313942045415085
0.8821237659269727
0.8753320332615747
0
0
0
0
0
0
0
0
0
0
0
0
0
0
0
0
0
0
0
0
0
0
0.03191168973309931
0
0
0
-0.03191168973309929
0
0.0012733534817891707
0.010909204354611651
-0.3590600971589931
-0.0028276837733959004
-0.024050176370872315
0.10301200163895677
0
0
0
0
0
0
0
0
0
0
0
0
0
0
0
0
0
0
0
0
0
0
0.03191168973309929
0
0
0
-0.03191168973309931
0
0.0012733534817891707
0.010909204354611651
-0.3590600971589931
-0.0028276837733959004
-0.024050176370872315
0.10301200163895677
0
0
0
0
0
0
0
0
0
0
0
0
0
0
0
0
0
0
0
0
0
0
0
0
0
0
0
0
-0.07746870540971763
-0.274833931421872
0.3364208381955023
0.4313942045415085
0.8821237659269727
0.8753320332615747
