29.003199945539567
-0.16801093931649186
0
0
0
-0.0027610002366884497
-0.0027610002366884497
-0.16801093931649205
0.8081279549303472
0
0
0
0.1268902294760768
0.1268902294760768
0
0
2.5287311981947633
0
0
0
0
0
0
0
2.5287311981947633
0
0.16313246192062258
0.16313246192062258
0
0
0
0
2.5287311981947633
-0.22943383158079736
0.22943383158079736
-0.0027610002366881834
0.12689022947607678
0
0.16313246192062258
-0.22943383158079725
0.7600318835666091
0.004607351014510527
-0.0027610002366881834
0.12689022947607678
0
0.16313246192062258
0.22943383158079725
0.004607351014510527
0.7600318835666091
