0
0
0
0
0
0
0
0
0
0
0
0
0
0
0
0
0
0
0
0
0
0
0
0
0
0
0
0
0
0
0
0
-0.07746869238273157
-0.2748339591111393
0.3364207691555426
1.07220492389338
2.192466928239188
2.175586591987099
0
0
0
0
0
0
0
0
0
0
0
0
0
0
0
0
0
0
0
0
0
0
0
0
0
0
0
0
0
0
0
0
0
0
0
0
0
0
0
0
0
0
0
0
0
0
0
0
0
0
0.000314686681162244
0.005093377353101496
-0.0546337380120941
-0.002014479723784641
-0.013201870263103776
0.012063154594605129
-0.05167136584854135
0.3330039924525712
0.37917372263942956
1.0201640745400316
0.4730006845031689
0.18774196559358308
0
0
0
0
0
0
0
0
0
0
0
0
0
0
0
0
0
0
0
0
0
0
0
0
0
0
0
0
0
0
0
0
0
0
0
0
0
0
0
0
0
0
0
0
0
0
0
0
0
0
0
0
0
0
0
0
0
0
0
0
0
0
0
0
0
0
0
0
0
0
0
0
0
0
0
0
0
0
0
0
0
0
0
0
0
0
0
0
0
0
0
0
0
0
0
0
0
0
0
0
0
0
0
0
0
0
0
0
0
0
0
0
0
0
0
0
0
0
0
0
0
0
0
0
0
0
0
0
0
0
0
0
0
0
0
0
0
0
0
0
0
0
0
0
0
0
0
0
0
0
0
0
0
0
0
0
0
0
0
0
0
0
0
0
0
0
0
0
0
0
0
0
0
0
0
0
0
0
0
0
0
0
0
0
0
0
0
0
0
0
0
0
0
0
0
0
0
0
0
0
0
0.021049805168586136
-0.029605005631607256
0
0
-0.021049805168586136
0.029605005631607256
0
0
0
0
0
0.0000014791463436659492
0.00006903590231198677
0.000028215053394671117
-0.000008821490542255191
-0.0000916544517021319
-0.00028436241883527985
0
0
0
0
0
0
0
0
0
0
0
0
0.0014305195405334794
-0.059494335518073906
-0.008266882455498975
-0.0011938873819589853
-0.011820938211727944
0.032559622478028453
0
0
0
0
0
0
0
0
0
0
0
0
0
0
0
0
0
0
0
0
0
0.021049805168586136
0.029605005631607256
0
0
0
0
0
0
-0.021049805168586136
-0.029605005631607256
0
0.0000014791463436659492
0.00006903590231198677
0.000028215053394671117
-0.000008821490542255191
-0.0000916544517021319
-0.00028436241883527985
0
0
0
0
0
0
0
0
0
0
0
0
0.0014305195405334794
-0.059494335518073906
-0.008266882455498975
-0.0011938873819589853
-0.011820938211727944
0.032559622478028453
0
0
0
0
0
0
0
0
0
0
0
0
0
0
0
0
0
0
0
0
0
0
0
0
0
0
0
0
0
0
0
0
0.0003146866811622516
0.0050933773531014965
-0.054633738012094105
-0.002014479723784644
-0.013201870263103772
0.01206315459460508
-0.051671365848541366
0.33300399245257106
0.3791737226394295
1.0201640745400313
0.473000684503169
0.18774196559358292
0
0
0
0
0
0
0
0
0
0
0
0
0
0
0
0
0
0
0
0
0
0
0
0
0
0
0
0
0
0
0
0
0
0
0
0
0
0
0
0
0
0
0
0
0
0
0
0
0
0
0.038946920714026126
-0.48234606217808557
-0.09448130443867919
0.07157909868594026
0.693535130952782
1.0384594019964482
0
0
0
0
0
0
0
0
0
0
0
0
0
0
0
0
0
0
0
0
0
0
0
0
0
0
0
0
0
0
0
0
0
0
0
0
0
0
0
0
0
0
0
0
0
0
0
0
0
0
0
0
0
0
0
0
0
0
0
0
0
0
0
0
0
0
0
0
0
0
0
0
0
0
0
0
0
0
0
0
0
0
0
0
0
0
0
0
0
0
0
0
0
0
0
0
0
0
0
0
0
0
0
0
0
0
0
0
0
0
0
0
0
0
0
0
0
0
0
0
0
0
0
0
0
0
0
0
0
0
0
0
0
0
0
0
0
0
0
0
0
0
0
0
0
0
0
0
0
0
0
0
0
0
0
0
0
0
0
0
0
0
0
0
0
0
0
0
0
0
0
0
0
0
0
0
0
0
0
0
0
0
0
0
0
0
0
0
0
0
0
0
0
0
0
0
0
0
0
0
0
0.1462202434418744
-0.20564803787409278
0
0
-0.1462202434418744
0.20564803787409278
0
0
0
0
0
0
0
0
0
0
0
0.00003872703753970307
-0.04165295448030221
-0.3178177389694994
-0.00026567970257764407
0.01551386966650132
0.12728684421396985
0
0
0
0
0
0
-0.00026969778415186774
-0.17011699353625834
-0.0949803422684655
-0.002310699143268898
0.067695752278845
0.219271925840767
0
0
0
0
0
0
0
0
0
0
0
0
0
0
0
0
0
0
0
0
0
0.1462202434418744
0.20564803787409278
0
0
0
0
0
0
-0.1462202434418744
-0.20564803787409278
0
0
0
0
0
0
0
0.00003872703753970307
-0.04165295448030221
-0.3178177389694994
-0.00026567970257764407
0.01551386966650132
0.12728684421396985
0
0
0
0
0
0
-0.00026969778415186774
-0.17011699353625834
-0.0949803422684655
-0.002310699143268898
0.067695752278845
0.219271925840767
0
0
0
0
0
0
0
0
0
0
0
0
0
0
0
0
0
0
0
0
0
0
0
0
0
0
0
0
0
0
0
0
0
0
0
0
0
0
0
0
0
0
0
0
0
0
0
0
0
0
0
0
0
0
0
0
0
0
0
0
0
0
0
0
0
0
0
0
0
0
0
0
0
0
0
0
0
0
0
0
0
0
0
0
0
0
0
0
0
0
0
0
0
0
0
0
0
0
0
0
0
0
0
0
0
0
0
0
0
0
0
0
0
0
0
0
0
0
0
0
0
0
0
0
0
0
0
0
0
0
0
0
0
0
0
0
0
0
0
0
0
0
0
0
0
0
0
0
0
0
0
0
0
0
0
0
-0.2871999666272058
-1.9024915134819596
-0.32185278083980196
0.33213813428992883
1.4451374848713816
2.3490145330588392
0
0
0
0
0
0
0
0
0
0
0
0
0
0
0
0
0
0
0
0
0
0
0
0
0
0
0
0
0
0
0
0
0
0
0
0
0
0
0
0
0
0
0
0
0
0
0
0
0
0
0
0
0
0
0
0
0
0
0
0
0
0
0
0
0
0
0
0
0
0
0
0
0
0
0
0
0
0
0
0
0
0
0
0
0
0
0
0
0
0
0
0
0
0
0
0
0
0
0
0
0
0
0
0
0
0
0
0
0
0
0
0
0
0
0
0
0
0
0
0
0
0
0
0
0
0
0
0
0
0
0
0
0
0
0
0
0
0
-0.15505175824749806
0
-0
0
0.15505175824749806
-0
0
0
0
0
0
0
0
0
0
0
0
0
0
0
0
0
0
0
0
0
0
0
0
0
0
0
0
0
0
0
0
0
0
0
0
0
0
0
0
0
0
0
0
0
0
0
0
0
0
0
-0.15505175824749806
0
0
0
0
0
0
0
0.15505175824749806
-0
-0
0
0
0
0
0
0
0
0
0
0
0
0
0
0
0
0
0
0
0
0
0
0
0
0
0
0
0
0
0
0
0
0
0
0
0
0
0
0
0
0
0
0
0
0
0
0
0
0
0
0
0
0
0
0
0
0
0
0
0
0
0
0
0
0
0
0
0
0
0
0
0
0
0
0
0
0
0
0
0
0
0
0
0
0
0
0
0
0
0
0
0
0
0
0
0
0
0
0
0
0
0
0
0
0
0
0
0
0
0
0
0
0
0
0
0
0
0
0
0
0
0
0
0
0
0
0
0
0
0
0
0
0
0
0
0
0
0
0
0
0
0
0
0
0
0
0
0
0
0
0
0
0
0
0
0
0
0
0
0
0
0
0
0
0
0
0
0
0
0
0
0
0
0
0
0
0
0
0
0
0
0
0
0
0
0
0
0
0
0
0
0
0
0
0
0
0
0
0
0
0
0
0
0
0
0
0
0
0
0
0
0
0
0
0
0
0
0
0
0
0
0
0
0
0
0
0
0
0
0
0
0
0
0
0
0
0
0
-0.2871999666272058
-1.9024915134819593
-0.32185278083980196
0.3321381342899289
1.4451374848713816
2.3490145330588392
0
0
0
0
0
0
0
0
0
0
0
0
0
0
0
0
0
0
0
0
0
0
0
0
0
0
0
0
0
0
0
0
0
0
0
0
0
0
0
0
0
0
0
0
0
0
0
0
0
0
0
0
0
0
0
0
0
0
0
0
0
0
0
0
0
0
0
0
0
0
0
0
0
0
0
0
0
0
0
0
0
0
0
0.033124587100157615
-0.2646562150639994
0
0
-0.033124587100157615
0.2646562150639994
0
0
0
0
0
0
0
0
0
0
0
0
0
0
0
0
0
-0.0011558538699506205
-0.15186103331738673
-0.28915506983088923
0.0007234605622713675
0.03228294752174029
0.26651740852303624
-0.0041017615430794414
-0.15220560140300088
0.15439706983628182
0.004355823177664536
0.1284383369894117
0.12473111720692345
0
0
0
0
0
0
0
0
0
0
0
0
0
0
0
0
0
0
0
0
0
0.033124587100157615
0.2646562150639994
0
0
0
0
0
0
-0.033124587100157615
-0.2646562150639994
0
0
0
0
0
0
0
0
0
0
0
0
0
-0.0011558538699506205
-0.15186103331738673
-0.28915506983088923
0.0007234605622713675
0.03228294752174029
0.26651740852303624
-0.0041017615430794414
-0.15220560140300088
0.15439706983628182
0.004355823177664536
0.1284383369894117
0.12473111720692345
0
0
0
0
0
0
0
0
0
0
0
0
0
0
0
0
0
0
0
0
0
0
0
0
0
0
0
0
0
0
0
0
0
0
0
0
0
0
0
0
0
0
0
0
0
0
0
0
0
0
0
0
0
0
0
0
0
0
0
0
0
0
0
0
0
0
0
0
0
0
0
0
0
0
0
0
0
0
0
0
0
0
0
0
0
0
0
0
0
0
0
0
0
0
0
0
0
0
0
0
0
0
0
0
0
0
0
0
0
0
0
0
0
0
0
0
0
0
0
0
0
0
0
0
0
0
0
0
0
0
0
0
0
0
0
0
0
0
0
0
0
0
0
0
0
0
0
0
0
0
0
0
0
0
0
0
0
0
0
0
0
0
0
0
0
0
0
0
0
0
0
0
0
0
0
0
0
0
0
0
0
0
0
0
0
0
0
0
0
0
0
0
0
0
0
0
0
0
0
0
0
0
0
0
0
0
0
0
0
0
0
0
0
0
0
0
0
0
0
0
0
0
0
0
0
0
0
0
0
0
0
0
0
0
0
0
0
0
0
0
0
0
0
0
0
0
0
0
0
0
0
0
0
0
0
0
0
0
0
0
0
0
0
0
0
0
0
0
-0.28719996662720576
-1.90249151348196
-0.32185278083980196
0.33213813428992894
1.4451374848713816
2.3490145330588392
0
0
0
0
0
0
0
0
0
0
0
0
0
0
0
0
0
0
0
0
0
0
0
0
0
0
0
-0.2646562150639994
0.21716777892439065
0
0
0.2646562150639994
-0.21716777892439065
0
0
0
0
0
0
0
0
0
0
0
0
0
0
0
0
0
0.0016256236129097465
0.2135813947243724
0.4066753778570126
-0.0010174941691267062
-0.04540359568801643
-0.37483716913546267
0.0057688264860331386
0.21406600444087015
-0.21714814390910586
-0.0061261455235457375
-0.18063909187911992
-0.17542515941470166
0
0
0
0
0
0
0
0
0
0
0
0
0
0
0
0
0
0
0
0
0
0.2646562150639994
0.21716777892439065
0
0
0
0
0
0
-0.2646562150639994
-0.21716777892439065
0
0
0
0
0
0
0
0
0
0
0
0
0
-0.0016256236129097465
-0.2135813947243724
-0.4066753778570126
0.0010174941691267062
0.04540359568801643
0.37483716913546267
-0.0057688264860331386
-0.21406600444087015
0.21714814390910586
0.0061261455235457375
0.18063909187911992
0.17542515941470166
0
0
0
0
0
0
0
0
0
0
0
0
0
0
0
0
0
0
0
0
0
0.02104980516858624
-0.029605005631607388
0
0
-0.02104980516858624
0.029605005631607388
0
0
0
0
0
0.0000014791463436657688
0.00006903590231197769
0.000028215053394682393
-0.00000882149054225324
-0.00009165445170211727
-0.00028436241883527964
0
0
0
0
0
0
0
0
0
0
0
0
0.001430519540533478
-0.05949433551807407
-0.008266882455498545
-0.0011938873819589842
-0.011820938211727675
0.03255962247802855
0
0
0
0
0
0
0
0
0
0
0
0
0
0
0
0
0
0
0
0
0
0.1462202434418744
-0.20564803787409275
0
0
-0.1462202434418744
0.20564803787409275
0
0
0
0
0
0
0
0
0
0
0
0.00003872703753970134
-0.04165295448030219
-0.31781773896949933
-0.0002656797025776471
0.015513869666501324
0.1272868442139698
0
0
0
0
0
0
-0.00026969778415186253
-0.17011699353625837
-0.09498034226846545
-0.00231069914326891
0.06769575227884501
0.219271925840767
0
0
0
0
0
0
0
0
0
0
0
0
0
0
0
0
0
0
0
0
-0.15505175824749798
0
-0
0
0.15505175824749798
-0
0
0
0
0
0
0
0
0
0
0
0
0
0
0
0
0
0
0
0
0
0
0
0
0
0
0
0
0
0
0
0
0
0
0
0
0
0
0
0
0
0
0
0
0
0
0
0
0
0
0
0
0.033124587100157636
-0.2646562150639994
0
0
-0.033124587100157636
0.2646562150639994
0
0
0
0
0
0
0
0
0
0
0
0
0
0
0
0
0
-0.0011558538699506246
-0.15186103331738668
-0.28915506983088923
0.0007234605622713679
0.032282947521740296
0.2665174085230362
-0.004101761543079436
-0.15220560140300077
0.1543970698362818
0.0043558231776645384
0.12843833698941168
0.12473111720692344
0
0
0
0
0
0
0
0
0
0
0
0
0
0
0
0
0
0
0
0
0
-0.26465621506399933
0.21716777892439063
0
0
0.26465621506399933
-0.21716777892439063
0
0
0
0
0
0
0
0
0
0
0
0
0
0
0
0
0
0.0016256236129097476
0.21358139472437232
0.4066753778570127
-0.0010174941691267051
-0.045403595688016406
-0.3748371691354626
0.005768826486033137
0.2140660044408701
-0.21714814390910592
-0.006126145523545753
-0.18063909187911983
-0.1754251594147016
0
0
0
0
0
0
0
0
0
0
0
0
0
0
0
0
0
0
0
0
0
0
0
0
0
0
0
0
0
0
0
0
0
0
0
0
0
0
0
0
0
0
0
0
0
0
0
0
0
0
-0.07746870540971756
-0.2748339314218718
0.3364208381955024
0.43139420454150834
0.8821237659269727
0.8753320332615746
0
0
0
0
0
0
0
0
0
0
0
0
0
0
0
0
0
0
0
0
0
0
0
0
0
0
0.035906909613083016
0
0
0
-0.035906909613083016
0
0
0
0
0
0
0
0
0
0
0
0
0
0
0
0
0
0
0
0.0013632496645985467
0.003276364555355061
-0.3680642602575596
-0.0030719514085555464
-0.02329624019462136
0.1160819527725024
0
0
0
0
0
0
0
0
0
0
0
0
0
0
0
0
0
0
0
0
0
0.02104980516858624
0.029605005631607388
0
0
0
0
0
0
-0.02104980516858624
-0.029605005631607388
0
0.0000014791463436657688
0.00006903590231197769
0.000028215053394682393
-0.00000882149054225324
-0.00009165445170211727
-0.00028436241883527964
0
0
0
0
0
0
0
0
0
0
0
0
0.001430519540533478
-0.05949433551807407
-0.008266882455498545
-0.0011938873819589842
-0.011820938211727675
0.03255962247802855
0
0
0
0
0
0
0
0
0
0
0
0
0
0
0
0
0
0
0
0
0
0.1462202434418744
0.20564803787409275
0
0
0
0
0
0
-0.1462202434418744
-0.20564803787409275
0
0
0
0
0
0
0
0.00003872703753970134
-0.04165295448030219
-0.31781773896949933
-0.0002656797025776471
0.015513869666501324
0.1272868442139698
0
0
0
0
0
0
-0.00026969778415186253
-0.17011699353625837
-0.09498034226846545
-0.00231069914326891
0.06769575227884501
0.219271925840767
0
0
0
0
0
0
0
0
0
0
0
0
0
0
0
0
0
0
0
0
-0.15505175824749798
0
0
0
0
0
0
0
0.15505175824749798
-0
-0
0
0
0
0
0
0
0
0
0
0
0
0
0
0
0
0
0
0
0
0
0
0
0
0
0
0
0
0
0
0
0
0
0
0
0
0
0
0
0
0
0
0
0
0
0
0
0.033124587100157636
0.2646562150639994
0
0
0
0
0
0
-0.033124587100157636
-0.2646562150639994
0
0
0
0
0
0
0
0
0
0
0
0
0
-0.0011558538699506246
-0.15186103331738668
-0.28915506983088923
0.0007234605622713679
0.032282947521740296
0.2665174085230362
-0.004101761543079436
-0.15220560140300077
0.1543970698362818
0.0043558231776645384
0.12843833698941168
0.12473111720692344
0
0
0
0
0
0
0
0
0
0
0
0
0
0
0
0
0
0
0
0
0
0.26465621506399933
0.21716777892439063
0
0
0
0
0
0
-0.26465621506399933
-0.21716777892439063
0
0
0
0
0
0
0
0
0
0
0
0
0
-0.0016256236129097476
-0.21358139472437232
-0.4066753778570127
0.0010174941691267051
0.045403595688016406
0.3748371691354626
-0.005768826486033137
-0.2140660044408701
0.21714814390910592
0.006126145523545753
0.18063909187911983
0.1754251594147016
0
0
0
0
0
0
0
0
0
0
0
0
0
0
0
0
0
0
0
0
0
0
0
0
0
0
0.035906909613083016
0
0
0
-0.035906909613083016
0
0
0
0
0
0
0
0
0
0
0
0
0
0
0
0
0
0
0
0.0013632496645985467
0.003276364555355061
-0.3680642602575596
-0.0030719514085555464
-0.02329624019462136
0.1160819527725024
0
0
0
0
0
0
0
0
0
0
0
0
0
0
0
0
0
0
0
0
0
0
0
0
0
0
0
0
0
0
0
0
0
0
0
0
0
0
0
0
0
0
0
0
0
0
0
0
0
0
-0.07746870540971756
-0.2748339314218718
0.3364208381955024
0.43139420454150834
0.8821237659269727
0.8753320332615746
