-61.719997633108875
-7.443818944570071
0
-0.01785675165128656
0
-1.731672443052112
-1.731672443052112
-7.443818944570072
-10.139201349883246
0
-0.21031723970028834
0
-3.840961423159775
-3.8409614231597744
0
0
-9.98332647438526
0
0
0
0
-0.017856751651286557
-0.21031723970028832
0
-10.066569659943882
0
-1.7097244534219256
-1.7097244534219256
0
0
0
0
-10.147984470819935
2.3124460919685097
-2.3124460919685097
-1.7316724430521118
-3.8409614231597744
0
-1.7097244534219251
2.312446091968509
-5.811708436043733
-1.5061824673386182
-1.7316724430521118
-3.8409614231597744
0
-1.7097244534219251
-2.3124460919685097
-1.5061824673386182
-5.811708436043733
