0
0
0
0
0
0
0
0
0
0
0
0
0
0
0
0
0
0
0
0
0
-0.3515667114512611
0
0
0
0.1757833557256305
-0.24722638497226804
0
0
0.1757833557256305
0.24722638497226804
0
0.13118133053809278
1.4425609995394277
1.6727292631315496
-1.4946577558232934
-4.508538929308701
-7.7449819938235205
0
0
0
0
0
0
0
0
0
0
0
0
0
0
0
0
0
0
0
0
0
0
0
0
0
0
0
0
0
0
0
0
0
0
0
0
0
0
0
-0.08321722451229525
0
0
0
0.04160861225614761
-0.058519458508097505
0
0
0.04160861225614761
0.058519458508097505
0
0.0042313083198502795
0.13701929156180137
0.6138973295731054
-0.035947627924301916
-0.2110401236596145
-0.8420235114347795
-0.18776104988606027
0.4935176515007928
0.4493913278400245
-4.156969721255217
-5.34606443840462
-5.722734422459316
0
0
0
0
0
0
0
0
0
0
0
0
0
0
0
0
0
0
0
0
0
0
0
0
0
0
0
0
0
0
0
0
0.01697222433551282
0
0
0
-0.008486112167755142
0
0
0
-0.008486112167755142
0
0
0
0
0
0
0
0
0
0
0
0
0
0
0
0
0
0
0
0
0
0
0
0
0
0
0
0
0
0
0
0
0
0
0
0
0
0
0
0
0
0
0
0
0
0
0
0
-0.0001251772061783285
0
0
0
0.00006258860309131787
-0.012023120044907935
0
0
0.00006258860309131787
0.012023120044907935
0
0.0000010817207304055884
0.0002910921344561717
0.004370419454501943
-0.000003845729183191159
-0.0002128601991663046
-0.003234650648794155
0
0
0
0
0
0
0.0011574924228994416
0.0028503399727037213
0.0006547609140853575
-0.0018233324552002182
-0.004473543869602055
-0.005732485424010809
0
0
0
0
0
0
0
0
0
0
0
0
0
0
0
0
0
0
0
0
0
0
0
0
0
0
0
0
-0.016847047034294738
0
0
-0.012023120044907933
0.008423523517148323
0
0
0.012023120044907933
0.008423523517148323
0
0
0
0
0
0
0
0
0
0
0
0
0
0
0
0
0
0
0
0
0
0
0
0
0
0
0
0
0
0
0
0
0
0
0
0
0
0
0
0
0
0
0
0
0
0
-1.299331865033862
1.8030327558838204
0
0
1.2906637539024637
-1.81621606592633
0
0
0.008668111131398525
0.013183310042509638
0
0.0010439779287982598
0.03114853749385531
0.13772974465571436
-0.00900321212472055
-0.05018917464338029
-0.19024478433163952
0
0
0
0
0
0
0
0
0
0
0
0
0.0011868842383077247
2.3090572458420477
3.307187274123718
-0.0006533568511008668
-0.7741357261011208
-3.3659861557687076
0
0
0
0
0
0
0
0
0
0
0
0
0
0
0
0
0
0
0
0
0
-1.299331865033862
-1.8030327558838204
0
0
0.008668111131398525
-0.013183310042509638
0
0
1.2906637539024637
1.81621606592633
0
0.0010439779287982598
0.03114853749385531
0.13772974465571436
-0.00900321212472055
-0.05018917464338029
-0.19024478433163952
0
0
0
0
0
0
0
0
0
0
0
0
0.0011868842383077247
2.3090572458420477
3.307187274123718
-0.0006533568511008668
-0.7741357261011208
-3.3659861557687076
0
0
0
0
0
0
0
0
0
0
0
0
0
0
0
0
0
0
0
0
0
-0.08321722451229517
0
0
0
0.0416086122561476
-0.058519458508097484
0
0
0.0416086122561476
0.058519458508097484
0
0.0042313083198502795
0.13701929156180132
0.6138973295731054
-0.03594762792430191
-0.21104012365961441
-0.8420235114347795
-0.1877610498860603
0.49351765150079263
0.4493913278400245
-4.156969721255216
-5.346064438404621
-5.722734422459316
0
0
0
0
0
0
0
0
0
0
0
0
0
0
0
0
0
0
0
0
0
0
0
0
0
0
0
0
0
0
0
0
0
-0.31944083822828334
0
0
0
0.15972041911414167
-0.22463504386318456
0
0
0.15972041911414167
0.22463504386318456
0
0
0
0
0
0
0
-0.36901029791152257
5.60609654730577
15.615750423928953
-2.1679272262323837
-7.898671499184281
-15.350675525716193
0
0
0
0
0
0
0
0
0
0
0
0
0
0
0
0
0
0
0
0
0
0
0
0
0
0
0
0
0
0
0
0
0.19989925623238647
0
0
0
-0.09994962811619211
0
0
0
-0.09994962811619211
0
0
0
0
0
0
0
0
0
0
0
0
0
0
0
0
0
0
0
0
0
0
0
0
0
0
0
0
0
0
0
0
0
0
0
0
0
0
0
0
0
0
0
0
0
0
0
0
0.022083268837530978
0
0
0
-0.011041634418763803
-0.12504256609630465
0
0
-0.011041634418763803
0.12504256609630465
0
0
0
0
0
0
0
-0.0016067000743690619
0.07098722300917287
0.3062356816793732
-0.005150827455046671
-0.054686652309912896
-0.17812414257121229
0.004590059120365603
0.16880519293335935
0.20222095256045206
-0.0029373187810554863
-0.055074027551294875
-0.23855767320378984
0
0
0
0
0
0
0
0
0
0
0
0
0
0
0
0
0
0
0
0
0
0
0
0
0
0
0
0
-0.15182712259379927
0
0
-0.12504256609630465
0.0759135612968987
0
0
0.12504256609630465
0.0759135612968987
0
0
0
0
0
0
0
0
0
0
0
0
0
0
0
0
0
0
0
0
0
0
0
0
0
0
0
0
0
0
0
0
0
0
0
0
0
0
0
0
0
0
0
0
0
0
-2.065365714311476
2.828526289539252
0
0
2.038254821064746
-2.9138856632065133
0
0
0.027110893246729755
0.08535937366726165
0
0
0
0
0
0
0
-0.04260867491456471
1.1186901641255882
6.015258813082092
-0.245276997880075
-1.1165377346913066
-3.2467147802512333
0
0
0
0
0
0
0.0610967144823219
3.690651064444054
7.417434896147691
-0.1449650290635763
-1.841980559637028
-6.589089226267472
0
0
0
0
0
0
0
0
0
0
0
0
0
0
0
0
0
0
0
0
0
-2.065365714311476
-2.828526289539252
0
0
0.027110893246729755
-0.08535937366726165
0
0
2.038254821064746
2.9138856632065133
0
0
0
0
0
0
0
-0.04260867491456471
1.1186901641255882
6.015258813082092
-0.245276997880075
-1.1165377346913066
-3.2467147802512333
0
0
0
0
0
0
0.0610967144823219
3.690651064444054
7.417434896147691
-0.1449650290635763
-1.841980559637028
-6.589089226267472
0
0
0
0
0
0
0
0
0
0
0
0
0
0
0
0
0
0
0
0
0.016972224335501718
0
0
0
-0.00848611216775514
0
0
0
-0.00848611216775514
0
0
0
0
0
0
0
0
0
0
0
0
0
0
0
0
0
0
0
0
0
0
0
0
0
0
0
0
0
0
0
0
0
0
0
0
0
0
0
0
0
0
0
0
0
0
0
0.19989925623238247
0
0
0
-0.09994962811619212
0
0
0
-0.09994962811619212
0
0
0
0
0
0
0
0
0
0
0
0
0
0
0
0
0
0
0
0
0
0
0
0
0
0
0
0
0
0
0
0
0
0
0
0
0
0
0
0
0
0
0
0
0
0
0
0
-0.2611045135614599
0
0
0
0.13055225678072993
-0.1836121648755454
0
0
0.13055225678072993
0.1836121648755454
0
0
0
0
0
0
0
0
0
0
0
0
0
0.8664732022341001
10.809776957915322
8.863402327744971
-0.8669921422375011
-5.5579313358454785
-14.664191455546625
0
0
0
0
0
0
0
0
0
0
0
0
0
0
0
0
0
0
0
0
0
0
0
0
0
0
0.07911976642188893
0
0
0
-0.03955988321094455
0
0
0
-0.03955988321094455
0
0
0
0
0
0
0
0
0
0
0
0
0
0
0
0
0
0
0
0
0
0
0
0
0
0
0
0
0
0
0
0
0
0
0
0
0
0
0
0
0
0
0
0
0
0
0
0.0000000000000000016805133673525319
0
0
0
0.05563807151020787
0
0
0
-0.05563807151020787
0
0
0
0
0
0
0
0
0
0
0
0
0
0
0
0
0
0
0
0
0
0
0
0
0
0
0
0
0
0
0
0
0
0
0
0
0
0
0
0
0
0
0
0
0
0
0
1.62503391109737
0
0
0
-1.593894379143702
0
0
0
-0.031139531953667764
0
0
0
0
0
0
0
0
0
0
0
0
0
0
0
0
0
0
0
0
0
0
0
0
0
0
0
0
0
0
0
0
0
0
0
0
0
0
0
0
0
0
0
0
0
0
0
1.6250339110973717
0
0
0
-0.031139531953667764
0
0
0
-1.593894379143702
0
0
0
0
0
0
0
0
0
0
0
0
0
0
0
0
0
0
0
0
0
0
0
0
0
0
0
0
0
0
0
0
0
0
0
0
0
0
0
0
0
0
0
0
0
0
0
0
-0.00012517720618943073
0
0
0
0.00006258860309131787
-0.012023120044907935
0
0
0.00006258860309131787
0.012023120044907935
0
0.0000010817207304055881
0.0002910921344561717
0.004370419454501943
-0.000003845729183191158
-0.0002128601991663046
-0.003234650648794154
0
0
0
0
0
0
0.0011574924228994416
0.0028503399727037213
0.0006547609140853574
-0.0018233324552002178
-0.004473543869602056
-0.00573248542401081
0
0
0
0
0
0
0
0
0
0
0
0
0
0
0
0
0
0
0
0
0
0
0
0
0
0
0
0.022083268837526537
0
0
0
-0.011041634418763803
-0.12504256609630465
0
0
-0.011041634418763803
0.12504256609630465
0
0
0
0
0
0
0
-0.0016067000743690617
0.07098722300917286
0.3062356816793732
-0.005150827455046671
-0.054686652309912896
-0.1781241425712123
0.0045900591203656025
0.16880519293335933
0.20222095256045203
-0.0029373187810554863
-0.05507402755129488
-0.23855767320378987
0
0
0
0
0
0
0
0
0
0
0
0
0
0
0
0
0
0
0
0
0
0
0
0
0
0
0.07911976642188895
0
0
0
-0.03955988321094455
0
0
0
-0.03955988321094455
0
0
0
0
0
0
0
0
0
0
0
0
0
0
0
0
0
0
0
0
0
0
0
0
0
0
0
0
0
0
0
0
0
0
0
0
0
0
0
0
0
0
0
0
0
0
0
0
-0.21543922305263086
0
0
0
0.10771961152631535
-0.2627758685680091
0
0
0.10771961152631535
0.2627758685680091
0
0
0
0
0
0
0
0
0
0
0
0
0
0.8687854561655244
10.957465040836608
9.061175897798254
-0.8682479708708413
-5.598995885257074
-14.8797496380913
0
0
0
0
0
0
0
0
0
0
0
0
0
0
0
0
0
0
0
0
0
0
0
0
0
0
0
0.000000000000000010570971181733668
-0.14355610870989896
0
0
-0.023525632182255774
0.07177805435494937
0
0
0.023525632182255774
0.07177805435494937
0
0
0
0
0
0
0
0
0
0
0
0
0
0
0
0
0
0
0
0
0
0
0
0
0
0
0
0
0
0
0
0
0
0
0
0
0
0
0
0
0
0
0
0
0
0
0.3632177604267417
1.7019748712562817
0
0
-0.35791566326230106
-1.7719291684964387
0
0
-0.005302097164439475
0.06995429724015706
0
0
0
0
0
0
0
0
0
0
0
0
0
0.029407277671453593
1.3345628014275017
2.737814221115911
-0.021437413946595568
-0.3862429220400122
-2.3518175144026645
0.055816029023309156
1.3427940129083835
-0.25503418151170404
-0.13741708765897478
-1.1280260567943747
-1.7025685725502206
0
0
0
0
0
0
0
0
0
0
0
0
0
0
0
0
0
0
0
0
0
0.3632177604267417
-1.7019748712562817
0
0
-0.005302097164439475
-0.06995429724015706
0
0
-0.35791566326230106
1.7719291684964387
0
0
0
0
0
0
0
0
0
0
0
0
0
0.029407277671453593
1.3345628014275017
2.737814221115911
-0.021437413946595568
-0.3862429220400122
-2.3518175144026645
0.055816029023309156
1.3427940129083835
-0.25503418151170404
-0.13741708765897478
-1.1280260567943747
-1.7025685725502206
0
0
0
0
0
0
0
0
0
0
0
0
0
0
0
0
0
0
0
0
0
0
-0.01684704703429718
0
0
-0.012023120044907933
0.008423523517148325
0
0
0.012023120044907933
0.008423523517148325
0
0
0
0
0
0
0
0
0
0
0
0
0
0
0
0
0
0
0
0
0
0
0
0
0
0
0
0
0
0
0
0
0
0
0
0
0
0
0
0
0
0
0
0
0
0
0
-0.15182712259379882
0
0
-0.12504256609630465
0.07591356129689869
0
0
0.12504256609630465
0.07591356129689869
0
0
0
0
0
0
0
0
0
0
0
0
0
0
0
0
0
0
0
0
0
0
0
0
0
0
0
0
0
0
0
0
0
0
0
0
0
0
0
0
0
0
0
0
0
0.0000000000000000016805133673525319
0
0
0
0.05563807151020787
0
0
0
-0.05563807151020787
0
0
0
0
0
0
0
0
0
0
0
0
0
0
0
0
0
0
0
0
0
0
0
0
0
0
0
0
0
0
0
0
0
0
0
0
0
0
0
0
0
0
0
0
0
0
0
0
0.000000000000000010570971181733668
-0.14355610870989896
0
0
-0.023525632182255774
0.07177805435494937
0
0
0.023525632182255774
0.07177805435494937
0
0
0
0
0
0
0
0
0
0
0
0
0
0
0
0
0
0
0
0
0
0
0
0
0
0
0
0
0
0
0
0
0
0
0
0
0
0
0
0
0
0
0
0
0
0
-0.4837803886932476
-0.0000000000000000000000000000000001925929944387236
0
0
0.24189019434662384
-0.2289246573437317
0
0
0.24189019434662384
0.2289246573437317
0
0
0
0
0
0
0
0
0
0
0
0
0
0.8710469231584201
11.101909264817143
9.25460551842264
-0.8694762161619121
-5.6391584823708145
-15.0905732454159
0
0
0
0
0
0
0
0
0
0
0
0
0
0
0
0
0
0
0
0
0
0
0
0
0
0
0
1.7019748712563065
-0.7915734690154437
0
0
-1.7101177319256247
0.8142815686215248
0
0
0.008142860669318153
-0.022708099606081358
0
0
0
0
0
0
0
0
0
0
0
0
0
-0.03998837260468608
-1.8010310539597183
-3.70912784794406
0.029299806983230234
0.522021953348285
3.1802382145904837
-0.07821003772471138
-1.7943207833160515
0.7271579248148158
0.19289090000423406
1.5572970909228
2.1780067515894173
0
0
0
0
0
0
0
0
0
0
0
0
0
0
0
0
0
0
0
0
0
-1.7019748712563065
-0.7915734690154437
0
0
-0.008142860669318153
-0.022708099606081358
0
0
1.7101177319256247
0.8142815686215248
0
0
0
0
0
0
0
0
0
0
0
0
0
0.03998837260468608
1.8010310539597183
3.70912784794406
-0.029299806983230234
-0.522021953348285
-3.1802382145904837
0.07821003772471138
1.7943207833160515
-0.7271579248148158
-0.19289090000423406
-1.5572970909228
-2.1780067515894173
0
0
0
0
0
0
0
0
0
0
0
0
0
0
0
0
0
0
0
0
0
-1.299331865033862
1.8030327558838202
0
0
1.2906637539024637
-1.8162160659263298
0
0
0.008668111131398527
0.013183310042509638
0
0.0010439779287982605
0.03114853749385532
0.13772974465571441
-0.00900321212472055
-0.05018917464338028
-0.19024478433163958
0
0
0
0
0
0
0
0
0
0
0
0
0.0011868842383077243
2.3090572458420473
3.3071872741237174
-0.0006533568511008667
-0.774135726101121
-3.365986155768708
0
0
0
0
0
0
0
0
0
0
0
0
0
0
0
0
0
0
0
0
0
-2.0653657143114756
2.8285262895392513
0
0
2.0382548210647458
-2.9138856632065133
0
0
0.02711089324672977
0.08535937366726166
0
0
0
0
0
0
0
-0.0426086749145647
1.1186901641255882
6.015258813082092
-0.24527699788007495
-1.1165377346913063
-3.2467147802512337
0
0
0
0
0
0
0.06109671448232191
3.6906510644440536
7.417434896147691
-0.1449650290635763
-1.8419805596370282
-6.589089226267471
0
0
0
0
0
0
0
0
0
0
0
0
0
0
0
0
0
0
0
0
1.6250339110973706
0
0
0
-1.593894379143702
0
0
0
-0.031139531953667768
0
0
0
0
0
0
0
0
0
0
0
0
0
0
0
0
0
0
0
0
0
0
0
0
0
0
0
0
0
0
0
0
0
0
0
0
0
0
0
0
0
0
0
0
0
0
0
0
0.36321776042674103
1.7019748712562814
0
0
-0.35791566326230084
-1.7719291684964384
0
0
-0.005302097164439469
0.06995429724015705
0
0
0
0
0
0
0
0
0
0
0
0
0
0.0294072776714536
1.3345628014275017
2.7378142211159107
-0.02143741394659557
-0.3862429220400122
-2.351817514402664
0.05581602902330917
1.3427940129083829
-0.25503418151170415
-0.13741708765897478
-1.1280260567943747
-1.7025685725502206
0
0
0
0
0
0
0
0
0
0
0
0
0
0
0
0
0
0
0
0
0
1.7019748712563065
-0.7915734690154437
0
0
-1.7101177319256247
0.8142815686215248
0
0
0.00814286066931816
-0.022708099606081337
0
0
0
0
0
0
0
0
0
0
0
0
0
-0.03998837260468608
-1.8010310539597176
-3.709127847944059
0.029299806983230255
0.5220219533482849
3.1802382145904833
-0.07821003772471136
-1.7943207833160508
0.7271579248148167
0.1928909000042341
1.5572970909228
2.178006751589417
0
0
0
0
0
0
0
0
0
0
0
0
0
0
0
0
0
0
0
0
0
-1.1657316240242697
1.6395159488547055
0
0
1.1657316240242699
-1.7509535167817674
0
0
0
0.11143756792706253
0
0
0
0
0
0
0
0
0
0
0
0
0
0
0
0
0
0
0
0.40233233793520085
7.448782720988401
10.5260269918437
-1.3628193975656053
-6.462051358147681
-14.02484679197911
0
0
0
0
0
0
0
0
0
0
0
0
0
0
0
0
0
0
0
0
0
-0.4115749638750519
-0.000000000000000007806255641895632
0
0
0.205787481937526
-1.3268122430086893
0
0
0.205787481937526
1.3268122430086893
0
0
0
0
0
0
0
0
0
0
0
0
0
0
0
0
0
0
0
0.031169719168497964
2.6937256645232543
11.243906860848748
-0.07485370924575097
-1.11050233940823
-6.368561797316914
0
0
0
0
0
0
0
0
0
0
0
0
0
0
0
0
0
0
0
0
0
-1.299331865033862
-1.8030327558838202
0
0
0.008668111131398527
-0.013183310042509638
0
0
1.2906637539024637
1.8162160659263298
0
0.0010439779287982605
0.03114853749385532
0.13772974465571441
-0.00900321212472055
-0.05018917464338028
-0.19024478433163958
0
0
0
0
0
0
0
0
0
0
0
0
0.0011868842383077243
2.3090572458420473
3.3071872741237174
-0.0006533568511008667
-0.774135726101121
-3.365986155768708
0
0
0
0
0
0
0
0
0
0
0
0
0
0
0
0
0
0
0
0
0
-2.0653657143114756
-2.8285262895392513
0
0
0.02711089324672977
-0.08535937366726166
0
0
2.0382548210647458
2.9138856632065133
0
0
0
0
0
0
0
-0.0426086749145647
1.1186901641255882
6.015258813082092
-0.24527699788007495
-1.1165377346913063
-3.2467147802512337
0
0
0
0
0
0
0.06109671448232191
3.6906510644440536
7.417434896147691
-0.1449650290635763
-1.8419805596370282
-6.589089226267471
0
0
0
0
0
0
0
0
0
0
0
0
0
0
0
0
0
0
0
0
1.6250339110973706
0
0
0
-0.031139531953667768
0
0
0
-1.593894379143702
0
0
0
0
0
0
0
0
0
0
0
0
0
0
0
0
0
0
0
0
0
0
0
0
0
0
0
0
0
0
0
0
0
0
0
0
0
0
0
0
0
0
0
0
0
0
0
0
0.36321776042674103
-1.7019748712562814
0
0
-0.005302097164439469
-0.06995429724015705
0
0
-0.35791566326230084
1.7719291684964384
0
0
0
0
0
0
0
0
0
0
0
0
0
0.0294072776714536
1.3345628014275017
2.7378142211159107
-0.02143741394659557
-0.3862429220400122
-2.351817514402664
0.055816029023309156
1.3427940129083829
-0.25503418151170415
-0.13741708765897478
-1.1280260567943747
-1.7025685725502206
0
0
0
0
0
0
0
0
0
0
0
0
0
0
0
0
0
0
0
0
0
-1.7019748712563065
-0.7915734690154437
0
0
-0.00814286066931816
-0.022708099606081337
0
0
1.7101177319256247
0.8142815686215248
0
0
0
0
0
0
0
0
0
0
0
0
0
0.03998837260468608
1.8010310539597176
3.709127847944059
-0.029299806983230255
-0.5220219533482849
-3.1802382145904833
0.07821003772471136
1.7943207833160508
-0.7271579248148167
-0.1928909000042341
-1.5572970909228
-2.178006751589417
0
0
0
0
0
0
0
0
0
0
0
0
0
0
0
0
0
0
0
0
0
-0.4115749638750519
0.000000000000000007806255641895632
0
0
0.205787481937526
-1.3268122430086893
0
0
0.205787481937526
1.3268122430086893
0
0
0
0
0
0
0
0
0
0
0
0
0
0
0
0
0
0
0
0.031169719168497964
2.6937256645232543
11.243906860848748
-0.07485370924575097
-1.11050233940823
-6.368561797316914
0
0
0
0
0
0
0
0
0
0
0
0
0
0
0
0
0
0
0
0
0
-1.1657316240242697
-1.6395159488547055
0
0
0
-0.11143756792706253
0
0
1.1657316240242699
1.7509535167817674
0
0
0
0
0
0
0
0
0
0
0
0
0
0
0
0
0
0
0
0.40233233793520085
7.448782720988401
10.5260269918437
-1.3628193975656053
-6.462051358147681
-14.02484679197911
