0
0
0
0
0
0
0
0
0
0
0
0
0
0
0
0
0
0
0
0
0
0
0
0
0
0
0
0
0
0
0
0
-0.07746869238273162
-0.27483395911113917
0.3364207691555427
1.0722049238933802
2.192466928239188
2.1755865919870994
0
0
0
0
0
0
0
0
0
0
0
0
0
0
0
0
0
0
0
0
0
0
0
0
0
0
0
0
0
0
0
0
0
0
0
0
0
0
0
0
0
0
0
0
0
0
0
0
0
0
0.0003146866811622427
0.005093377353101489
-0.0546337380120942
-0.0020144797237846472
-0.013201870263103785
0.012063154594605066
-0.05167136584854136
0.3330039924525712
0.37917372263942956
1.0201640745400313
0.4730006845031687
0.18774196559358308
0
0
0
0
0
0
0
0
0
0
0
0
0
0
0
0
0
0
0
0
0
0
0
0
0
0
0
0
0
0
0
0
-0.0000000000000017763568394002505
0
0
0
0
0
0
0
0
0
0
0
0
0
0
0
0
0
0
0
0
0
0
0
0
0
0
0
0
0
0
0
0
0
0
0
0
0
0
0
0
0
0
0
0
0
0
0
0
0
0
0
0
0
0
0
0
-0.0000000000000017763568394002505
0
0
0
0
0
0
0
0
0
0
0
0
0
0
0
0
0
0
0
0
0
0
0
0
0
0
0
0
0
0
0
0
0
0
0
0
0
0
0
0
0
0
0
0
0
0
0
0
0
0
0
0
0
0
0
0
0
0
0
0
0
0
0
0
0
0
0
0
0
0
0
0
0
0
0
0
0
0
0
0
0
0
0
0
0
0
0
0
0
0
0
0
0
0
0
0
0
0
0
0
0
0
0
0
0
0
0
0
0
0
0
0.021049805168586174
-0.029605005631607336
0
0
-0.021049805168586174
0.02960500563160721
0
0
0
0
0
0.0000014791463436646825
0.0000690359023119834
0.000028215053394644663
-0.000008821490542254285
-0.00009165445170213288
-0.0002843624188352765
0
0
0
0
0
0
0
0
0
0
0
0
0.0014305195405334785
-0.059494335518073906
-0.00826688245549888
-0.0011938873819589844
-0.011820938211727907
0.032559622478028516
0
0
0
0
0
0
0
0
0
0
0
0
0
0
0
0
0
0
0
0
0
0.021049805168586174
0.029605005631607336
0
0
0
0
0
0
-0.021049805168586174
-0.02960500563160721
0
0.0000014791463436646825
0.0000690359023119834
0.000028215053394644663
-0.000008821490542254285
-0.00009165445170213288
-0.0002843624188352765
0
0
0
0
0
0
0
0
0
0
0
0
0.0014305195405334785
-0.059494335518073906
-0.00826688245549888
-0.0011938873819589844
-0.011820938211727907
0.032559622478028516
0
0
0
0
0
0
0
0
0
0
0
0
0
0
0
0
0
0
0
0
0
0
0
0
0
0
0
0
0
0
0
0
0.0003146866811622516
0.005093377353101496
-0.054633738012094084
-0.0020144797237846446
-0.013201870263103769
0.01206315459460508
-0.05167136584854138
0.3330039924525712
0.3791737226394295
1.0201640745400313
0.47300068450316907
0.1877419655935829
0
0
0
0
0
0
0
0
0
0
0
0
0
0
0
0
0
0
0
0
0
0
0
0
0
0
0
0
0
0
0
0
0
0
0
0
0
0
0
0
0
0
0
0
0
0
0
0
0
0
0.038946920714026126
-0.48234606217808573
-0.09448130443867914
0.07157909868594028
0.6935351309527823
1.0384594019964482
0
0
0
0
0
0
0
0
0
0
0
0
0
0
0
0
0
0
0
0
0
0
0
0
0
0
0
0
0
0
0
0
0
0
0
0
0
0
0
0
0
0
0
0
0
0
0
0
0
0
0
0
0
0
0
0
0
0
0
0
0
0
0
0
0
0
0
0
0
0
0
0
0
0
0
0
0
0
0
0
0
0
0
0
0
0
0
0
0
0
0
0
0
0
0
0
0
0
0
0
0
0
0
0
0
0
0
0
0
0
0
0
0
0
0
0
0
0
0
0
0
0
0
0
0
0
0
0
0
0
0
0
0
0
0
0
0
0
0
0
0
0
0
0
0
0
0
0
0
0
0
0
0
0
0
0
0
0
0
0
0
0
0
0
0
0
0
0
0
0
0
0
0
0
0
0
0
0
0
0
0
0
0
0
0
0
0
0
0
0
0
0
0
0
0
0
0
0
0
0
0
0.14622024344187445
-0.2056480378740928
0
0
-0.14622024344187443
0.2056480378740928
0
0
0
0
0
0
0
0
0
0
0
0.000038727037539694345
-0.04165295448030222
-0.3178177389694993
-0.0002656797025776379
0.015513869666501319
0.12728684421396982
0
0
0
0
0
0
-0.0002696977841518666
-0.17011699353625828
-0.0949803422684655
-0.002310699143268899
0.06769575227884501
0.21927192584076707
0
0
0
0
0
0
0
0
0
0
0
0
0
0
0
0
0
0
0
0
0
0.14622024344187445
0.2056480378740928
0
0
0
0
0
0
-0.14622024344187443
-0.2056480378740928
0
0
0
0
0
0
0
0.000038727037539694345
-0.04165295448030222
-0.3178177389694993
-0.0002656797025776379
0.015513869666501319
0.12728684421396982
0
0
0
0
0
0
-0.0002696977841518666
-0.17011699353625828
-0.0949803422684655
-0.002310699143268899
0.06769575227884501
0.21927192584076707
0
0
0
0
0
0
0
0
0
0
0
0
0
0
0
0
0
0
0
0
-0.0000000000000017763568394002505
0
0
0
0
0
0
0
0
0
0
0
0
0
0
0
0
0
0
0
0
0
0
0
0
0
0
0
0
0
0
0
0
0
0
0
0
0
0
0
0
0
0
0
0
0
0
0
0
0
0
0
0
0
0
0
0.0000000000000002220446049250313
0
0
0
0
0
0
0
0
0
0
0
0
0
0
0
0
0
0
0
0
0
0
0
0
0
0
0
0
0
0
0
0
0
0
0
0
0
0
0
0
0
0
0
0
0
0
0
0
0
0
0
0
0
0
0
0
0
0
0
0
0
0
0
0
0
0
0
0
0
0
0
0
0
0
0
0
0
0
0
-0.2660508235199978
-1.7202768062184133
-0.4498300274566246
0.332138134289929
1.4451374848713818
2.3490145330588397
0
0
0
0
0
0
0
0
0
0
0
0
0
0
0
0
0
0
0
0
0
0
0
0
0
0
0
0
0
0
0
0
0
0
0
0
0
0
0
0
0
0
0
0
0
0
0
0
0
0
0
0
0
0
0
0
0
0
0
0
0
0
0
0
0
0
0
0
0
0
0
0
0
0
0
0
0
0
0
0
0
0
0
0
0
0
0
0
0
0
0
0
0
0
0
0
0
0
0
0
0
0
0
0
0
0
0
0
0
0
0
0
0
0
0
0
0
0
0
0
0
0
0
0
0
0
0
0
0
0
0
0
0
0
0
0
0
0
-0.1479539037321776
0
0
0
0.14795390373217746
0
0
0
0
0
0
0
0
0
0
0
0
0
0
0
0
0
0
0
0
0
0
0
0
0
0
0
0
0
0
0
0
0
0
0
0
0
0
0
0
0
0
0
0
0
0
0
0
0
0
0
-0.1479539037321776
0
0
0
0
0
0
0
0.14795390373217746
0
0
0
0
0
0
0
0
0
0
0
0
0
0
0
0
0
0
0
0
0
0
0
0
0
0
0
0
0
0
0
0
0
0
0
0
0
0
0
0
0
0
0
0
0
0
0
0
-0.0000000000000017763568394002505
0
0
0
0
0
0
0
0
0
0
0
0
0
0
0
0
0
0
0
0
0
0
0
0
0
0
0
0
0
0
0
0
0
0
0
0
0
0
0
0
0
0
0
0
0
0
0
0
0
0
0
0
0
0
0
0.0000000000000002220446049250313
0
0
0
0
0
0
0
0
0
0
0
0
0
0
0
0
0
0
0
0
0
0
0
0
0
0
0
0
0
0
0
0
0
0
0
0
0
0
0
0
0
0
0
0
0
0
0
0
0
0
0
0
0
0
0
0
0
0
0
0
0
0
0
0
0
0
0
0
0
0
0
0
0
0
0
0
0
0
0
0
0
0
0
0
0
0
0
0
0
0
0
0
0
0
0
0
0
0
0
0
0
0
0
0
0
0
0
0
0
0
0
0
0
0
0
0
0
0
0
0
0
0
0
0
0
0
0
0
0
0
0
0
0
0
-0.2660508235199978
-1.7202768062184133
-0.4498300274566246
0.332138134289929
1.4451374848713818
2.3490145330588397
0
0
0
0
0
0
0
0
0
0
0
0
0
0
0
0
0
0
0
0
0
0
0
0
0
0
0
0
0
0
0
0
0
0
0
0
0
0
0
0
0
0
0
0
0
0
0
0
0
0
0
0
0
0
0
0
0
0
0
0
0
0
0
0
0
0
0
0
0
0
0
0
0
0
0
0
0
0
0
0
0
0
0
-0.10980272682078733
-0.2646562150639994
0
0
0.10980272682078736
0.2646562150639994
0
0
0
0
0
0
0
0
0
0
0
0
0
0
0
0
0
-0.00405840006549737
-0.1244949702047815
-0.18514238987452145
0.0007234605622713673
0.0322829475217403
0.26651740852303624
-0.0036518397182103944
-0.1750056601138568
0.20376027560364512
0.0043558231776645384
0.1284383369894117
0.12473111720692348
0
0
0
0
0
0
0
0
0
0
0
0
0
0
0
0
0
0
0
0
0
-0.10980272682078733
0.2646562150639994
0
0
0
0
0
0
0.10980272682078736
-0.2646562150639994
0
0
0
0
0
0
0
0
0
0
0
0
0
-0.00405840006549737
-0.1244949702047815
-0.18514238987452145
0.0007234605622713673
0.0322829475217403
0.26651740852303624
-0.0036518397182103944
-0.1750056601138568
0.20376027560364512
0.0043558231776645384
0.1284383369894117
0.12473111720692348
0
0
0
0
0
0
0
0
0
0
0
0
0
0
0
0
0
0
0
0
0
0
0.0000000000000003885780586188048
0
0
0
0
0
0
0
0
0
0
0
0
0
0
0
0
0
0
0
0
0
0
0
0
0
0
0
0
0
0
0
0
0
0
0
0
0
0
0
0
0
0
0
0
0
0
0
0
0
0
0
0
0
0
0
0
0
0
0
0
0
0
0
0
0
0
0
0
0
0
0
0
0
0
0
0
0
0
0
0
0
0
0
0
0
0
0
0
0
0
0
0
0
0
0
0
0
0
0
0
0
0
0
0
0
0
0
0
0
0
0
0
0
0
0
0
0
0
0
0
0
0
0
0
0
0
0
0
0
0
0
0
0
0
0
0
0
0
0
0
0
0
0
0
0
0
0
0
0
0
0
0
0
0
0
0
0
0
0
0
0
0
0
0
0
0
0
0
0
0
0
0
0
0
0
0
0
0
0
0
0
0
0
0
0
0
0
0
0
0
0
0
0
0
0
0
0
0
0
0
0
0
0
0
0
0
0
0
0
0
0
0
0
0
0
0
0
0
0
0
0
0
0
0
0
0
0
0
0
0
0
0
0
0
0
0
0
0
0
0
0
0
0
0
0
-0.26453797118839883
-1.4223411015692962
-0.31773863162189225
0.31502088578555637
1.243855132942678
2.2054293090188835
0
0
0
0
0
0
0
0
0
0
0
0
0
0
0
0
0
0
0
0
0
0
0
0
0
0
0
-0.3910457882786313
0.10526814389036035
0
0
0.39104578827863123
-0.1052681438903603
0
0
0
0
0
0
0
0
0
0
0
0
0
0
0
0
0
0.017367578076564343
0.3499395214303907
0.24858171818547475
-0.010585796352816833
-0.09574020676961725
-0.35879013810751775
0.012022271016565143
0.291838559412074
-0.17619831091873786
-0.0251257100861793
-0.25807490905200603
-0.32308848088664543
0
0
0
0
0
0
0
0
0
0
0
0
0
0
0
0
0
0
0
0
0
0.3910457882786313
0.10526814389036035
0
0
0
0
0
0
-0.39104578827863123
-0.1052681438903603
0
0
0
0
0
0
0
0
0
0
0
0
0
-0.017367578076564343
-0.3499395214303907
-0.24858171818547475
0.010585796352816833
0.09574020676961725
0.35879013810751775
-0.012022271016565143
-0.291838559412074
0.17619831091873786
0.0251257100861793
0.25807490905200603
0.32308848088664543
0
0
0
0
0
0
0
0
0
0
0
0
0
0
0
0
0
0
0
0
0
0.021049805168586237
-0.029605005631607388
0
0
-0.021049805168586237
0.02960500563160738
0
0
0
0
0
0.0000014791463436657652
0.00006903590231197769
0.000028215053394683802
-0.00000882149054225323
-0.00009165445170211705
-0.0002843624188352803
0
0
0
0
0
0
0
0
0
0
0
0
0.0014305195405334777
-0.059494335518074044
-0.008266882455498552
-0.001193887381958984
-0.011820938211727675
0.03255962247802854
0
0
0
0
0
0
0
0
0
0
0
0
0
0
0
0
0
0
0
0
0
0.14622024344187443
-0.20564803787409283
0
0
-0.1462202434418744
0.2056480378740927
0
0
0
0
0
0
0
0
0
0
0
0.0000387270375397012
-0.041652954480302186
-0.31781773896949944
-0.0002656797025776471
0.015513869666501322
0.1272868442139698
0
0
0
0
0
0
-0.00026969778415185646
-0.17011699353625837
-0.09498034226846551
-0.0023106991432689096
0.06769575227884501
0.21927192584076705
0
0
0
0
0
0
0
0
0
0
0
0
0
0
0
0
0
0
0
0
-0.155051758247498
0
0
0
0.15505175824749795
0
0
0
0
0
0
0
0
0
0
0
0
0
0
0
0
0
0
0
0
0
0
0
0
0
0
0
0
0
0
0
0
0
0
0
0
0
0
0
0
0
0
0
0
0
0
0
0
0
0
0
0
0.0331245871001576
-0.2646562150639994
0
0
-0.03312458710015763
0.2646562150639994
0
0
0
0
0
0
0
0
0
0
0
0
0
0
0
0
0
-0.0011558538699506238
-0.15186103331738668
-0.2891550698308893
0.000723460562271368
0.0322829475217403
0.26651740852303624
-0.0041017615430794475
-0.1522056014030008
0.15439706983628185
0.004355823177664533
0.1284383369894117
0.12473111720692344
0
0
0
0
0
0
0
0
0
0
0
0
0
0
0
0
0
0
0
0
0
-0.2646562150639992
0.21716777892439063
0
0
0.2646562150639993
-0.21716777892439054
0
0
0
0
0
0
0
0
0
0
0
0
0
0
0
0
0
0.0016256236129097426
0.21358139472437232
0.40667537785701274
-0.001017494169126703
-0.045403595688016385
-0.37483716913546267
0.005768826486033134
0.21406600444087
-0.21714814390910592
-0.0061261455235457445
-0.18063909187911986
-0.17542515941470158
0
0
0
0
0
0
0
0
0
0
0
0
0
0
0
0
0
0
0
0
0
0
0
0
0
0
0
0
0
0
0
0
0
0
0
0
0
0
0
0
0
0
0
0
0
0
0
0
0
0
-0.07746870540971763
-0.274833931421872
0.3364208381955023
0.4313942045415085
0.8821237659269727
0.8753320332615747
0
0
0
0
0
0
0
0
0
0
0
0
0
0
0
0
0
0
0
0
0
0
0
0
0
0
0.03590690961308299
0
0
0
-0.035906909613083016
0
0
0
0
0
0
0
0
0
0
0
0
0
0
0
0
0
0
0
0.0013632496645985437
0.003276364555355203
-0.3680642602575597
-0.003071951408555547
-0.023296240194621367
0.11608195277250241
0
0
0
0
0
0
0
0
0
0
0
0
0
0
0
0
0
0
0
0
0
0.021049805168586237
0.029605005631607388
0
0
0
0
0
0
-0.021049805168586237
-0.02960500563160738
0
0.0000014791463436657652
0.00006903590231197769
0.000028215053394683802
-0.00000882149054225323
-0.00009165445170211705
-0.0002843624188352803
0
0
0
0
0
0
0
0
0
0
0
0
0.0014305195405334777
-0.059494335518074044
-0.008266882455498552
-0.001193887381958984
-0.011820938211727675
0.03255962247802854
0
0
0
0
0
0
0
0
0
0
0
0
0
0
0
0
0
0
0
0
0
0.14622024344187443
0.20564803787409283
0
0
0
0
0
0
-0.1462202434418744
-0.2056480378740927
0
0
0
0
0
0
0
0.0000387270375397012
-0.041652954480302186
-0.31781773896949944
-0.0002656797025776471
0.015513869666501322
0.1272868442139698
0
0
0
0
0
0
-0.00026969778415185646
-0.17011699353625837
-0.09498034226846551
-0.0023106991432689096
0.06769575227884501
0.21927192584076705
0
0
0
0
0
0
0
0
0
0
0
0
0
0
0
0
0
0
0
0
-0.155051758247498
0
0
0
0
0
0
0
0.15505175824749795
0
0
0
0
0
0
0
0
0
0
0
0
0
0
0
0
0
0
0
0
0
0
0
0
0
0
0
0
0
0
0
0
0
0
0
0
0
0
0
0
0
0
0
0
0
0
0
0
0.0331245871001576
0.2646562150639994
0
0
0
0
0
0
-0.03312458710015763
-0.2646562150639994
0
0
0
0
0
0
0
0
0
0
0
0
0
-0.0011558538699506238
-0.15186103331738668
-0.2891550698308893
0.000723460562271368
0.0322829475217403
0.26651740852303624
-0.0041017615430794475
-0.1522056014030008
0.15439706983628185
0.004355823177664533
0.1284383369894117
0.12473111720692344
0
0
0
0
0
0
0
0
0
0
0
0
0
0
0
0
0
0
0
0
0
0.2646562150639992
0.21716777892439063
0
0
0
0
0
0
-0.2646562150639993
-0.21716777892439054
0
0
0
0
0
0
0
0
0
0
0
0
0
-0.0016256236129097426
-0.21358139472437232
-0.40667537785701274
0.001017494169126703
0.045403595688016385
0.37483716913546267
-0.005768826486033134
-0.21406600444087
0.21714814390910592
0.0061261455235457445
0.18063909187911986
0.17542515941470158
0
0
0
0
0
0
0
0
0
0
0
0
0
0
0
0
0
0
0
0
0
0
0
0
0
0
0.035906909613083016
0
0
0
-0.03590690961308299
0
0
0
0
0
0
0
0
0
0
0
0
0
0
0
0
0
0
0
0.0013632496645985437
0.003276364555355203
-0.3680642602575597
-0.003071951408555547
-0.023296240194621367
0.11608195277250241
0
0
0
0
0
0
0
0
0
0
0
0
0
0
0
0
0
0
0
0
0
0
0
0
0
0
0
0
0
0
0
0
0
0
0
0
0
0
0
0
0
0
0
0
0
0
0
0
0
0
-0.07746870540971763
-0.274833931421872
0.3364208381955023
0.4313942045415085
0.8821237659269727
0.8753320332615747
