0
0
0
0
0
0
0
0
0
0
0
0
0
0
0
0
0
0
0
0
0
0
0
0
0
0
0
0
0
0
0
0
-0.0016707115390535952
-0.03652890803840549
-0.06392547741394708
0.012393150772504136
0.07046899977033051
0.17298805118531954
0
0
0
0
0
0
0
0
0
0
0
0
0
0
0
0
0
0
0
0
0
0
0
0
0
0
0
0
0
0
0
0
0
0
0
0
0
0
0
0
0
0
0
0
0
0
0
0
0
0
-0.00006096066659752586
-0.004571351113937711
-0.03695975245062781
0.000347292486159488
0.00479257254819985
0.035570390332818884
0.007623798501893726
-0.025019421530030596
-0.024196441203026182
0.09770465923907097
0.15198955417493576
0.17167949129166782
0
0
0
0
0
0
0
0
0
0
0
0
0
0
0
0
0
0
0
0
0
0
0
0
0
0
0
0
0
0
0
0
0
0
0
0
0
0
0
0
0
0
0
0
0
0
0
0
0
0
0
0
0
0
0
0
0
0
0
0
0
0
0
0
0
0
0
0
0
0
0
0
0
0
0
0
0
0
0
0
0
0
0
0
0
0
0
0
0
0
0
0
0
0
0
0
0
0
0
0
0
0
0
0
0
0
0
0
0
0
0
0
0
0
0
0
0
0
0
0
0
0
0
0
0
0
0
0
0
0
0
0
0
0
0
0
0
0
0
0
0
0
0
0
0
0
0
0
0
0
0
0
0
0
0
0
0
0
0
0
0
0
0
0
0
0
0
0
0
0
0
0
0
0
0
0
0
0
0
0
0
0
0
0
0
0
0
0
0
0
0
0
0
0
0
0
0
0
0
0
0
0.03896548392756175
-0.054802092555009146
0
0
-0.03896548392756175
0.054802092555009146
0
0
0
0
0
-0.00001493589043120235
-0.0010226378652185234
-0.008397093256566238
0.00008632584901236732
0.001112191034946402
0.00792494746542852
0
0
0
0
0
0
0
0
0
0
0
0
-0.00006852975233744963
-0.06967887516101899
-0.10190342163979405
0.00004321883607667556
0.02420953970310363
0.1030417855709578
0
0
0
0
0
0
0
0
0
0
0
0
0
0
0
0
0
0
0
0
0
0.03896548392756175
0.054802092555009146
0
0
0
0
0
0
-0.03896548392756175
-0.054802092555009146
0
-0.00001493589043120235
-0.0010226378652185234
-0.008397093256566238
0.00008632584901236732
0.001112191034946402
0.00792494746542852
0
0
0
0
0
0
0
0
0
0
0
0
-0.00006852975233744963
-0.06967887516101899
-0.10190342163979405
0.00004321883607667556
0.02420953970310363
0.1030417855709578
0
0
0
0
0
0
0
0
0
0
0
0
0
0
0
0
0
0
0
0
0
0
0
0
0
0
0
0
0
0
0
0
-0.00006096066659752586
-0.00457135111393771
-0.03695975245062781
0.000347292486159488
0.00479257254819985
0.035570390332818884
0.007623798501893725
-0.02501942153003059
-0.02419644120302618
0.09770465923907097
0.15198955417493576
0.17167949129166782
0
0
0
0
0
0
0
0
0
0
0
0
0
0
0
0
0
0
0
0
0
0
0
0
0
0
0
0
0
0
0
0
0
0
0
0
0
0
0
0
0
0
0
0
0
0
0
0
0
0
0.024563296360993365
-0.6235941886311134
-2.350955090725558
0.10185470279956332
0.6259821871114201
1.6058633515578715
0
0
0
0
0
0
0
0
0
0
0
0
0
0
0
0
0
0
0
0
0
0
0
0
0
0
0
0
0
0
0
0
0
0
0
0
0
0
0
0
0
0
0
0
0
0
0
0
0
0
0
0
0
0
0
0
0
0
0
0
0
0
0
0
0
0
0
0
0
0
0
0
0
0
0
0
0
0
0
0
0
0
0
0
0
0
0
0
0
0
0
0
0
0
0
0
0
0
0
0
0
0
0
0
0
0
0
0
0
0
0
0
0
0
0
0
0
0
0
0
0
0
0
0
0
0
0
0
0
0
0
0
0
0
0
0
0
0
0
0
0
0
0
0
0
0
0
0
0
0
0
0
0
0
0
0
0
0
0
0
0
0
0
0
0
0
0
0
0
0
0
0
0
0
0
0
0
0
0
0
0
0
0
0
0
0
0
0
0
0
0
0
0
0
0
0
0
0
0
0
0
0.2007346467280898
-0.2823185440078328
0
0
-0.2007346467280898
0.2823185440078328
0
0
0
0
0
0
0
0
0
0
0
0.002909886641101973
-0.13967985725543192
-1.0753694478488471
0.011487020785880198
0.10036276608218389
0.42984247624250627
0
0
0
0
0
0
-0.008439822743812334
-0.42731601368797145
-1.0059128299654687
0.019406594559075122
0.22336644266263672
0.8155339404632626
0
0
0
0
0
0
0
0
0
0
0
0
0
0
0
0
0
0
0
0
0
0.2007346467280898
0.2823185440078328
0
0
0
0
0
0
-0.2007346467280898
-0.2823185440078328
0
0
0
0
0
0
0
0.002909886641101973
-0.13967985725543192
-1.0753694478488471
0.011487020785880198
0.10036276608218389
0.42984247624250627
0
0
0
0
0
0
-0.008439822743812334
-0.42731601368797145
-1.0059128299654687
0.019406594559075122
0.22336644266263672
0.8155339404632626
0
0
0
0
0
0
0
0
0
0
0
0
0
0
0
0
0
0
0
0
0
0
0
0
0
0
0
0
0
0
0
0
0
0
0
0
0
0
0
0
0
0
0
0
0
0
0
0
0
0
0
0
0
0
0
0
0
0
0
0
0
0
0
0
0
0
0
0
0
0
0
0
0
0
0
0
0
0
0
0
0
0
0
0
0
0
0
0
0
0
0
0
0
0
0
0
0
0
0
0
0
0
0
0
0
0
0
0
0
0
0
0
0
0
0
0
0
0
0
0
0
0
0
0
0
0
0
0
0
0
0
0
0
0
0
0
0
0
0
0
0
0
0
0
0
0
0
0
0
0
0
0
0
0
0
0
-0.06396477816602693
-1.3586888307668898
-1.5482530673624533
0.050752785747981144
0.5419048330716492
1.9246979598993552
0
0
0
0
0
0
0
0
0
0
0
0
0
0
0
0
0
0
0
0
0
0
0
0
0
0
0
0
0
0
0
0
0
0
0
0
0
0
0
0
0
0
0
0
0
0
0
0
0
0
0
0
0
0
0
0
0
0
0
0
0
0
0
0
0
0
0
0
0
0
0
0
0
0
0
0
0
0
0
0
0
0
0
0
0
0
0
0
0
0
0
0
0
0
0
0
0
0
0
0
0
0
0
0
0
0
0
0
0
0
0
0
0
0
0
0
0
0
0
0
0
0
0
0
0
0
0
0
0
0
0
0
0
0
0
0
0
0
-0.21601245851964115
0
0
0
0.21601245851964115
0
0
0
0
0
0
0
0
0
0
0
0
0
0
0
0
0
0
0
0
0
0
0
0
0
0
0
0
0
0
0
0
0
0
0
0
0
0
0
0
0
0
0
0
0
0
0
0
0
0
0
-0.21601245851964115
0
0
0
0
0
0
0
0.21601245851964115
0
0
0
0
0
0
0
0
0
0
0
0
0
0
0
0
0
0
0
0
0
0
0
0
0
0
0
0
0
0
0
0
0
0
0
0
0
0
0
0
0
0
0
0
0
0
0
0
0
0
0
0
0
0
0
0
0
0
0
0
0
0
0
0
0
0
0
0
0
0
0
0
0
0
0
0
0
0
0
0
0
0
0
0
0
0
0
0
0
0
0
0
0
0
0
0
0
0
0
0
0
0
0
0
0
0
0
0
0
0
0
0
0
0
0
0
0
0
0
0
0
0
0
0
0
0
0
0
0
0
0
0
0
0
0
0
0
0
0
0
0
0
0
0
0
0
0
0
0
0
0
0
0
0
0
0
0
0
0
0
0
0
0
0
0
0
0
0
0
0
0
0
0
0
0
0
0
0
0
0
0
0
0
0
0
0
0
0
0
0
0
0
0
0
0
0
0
0
0
0
0
0
0
0
0
0
0
0
0
0
0
0
0
0
0
0
0
0
0
0
0
0
0
0
0
0
0
0
0
0
0
0
0
0
0
0
0
0
0
-0.06396477816602693
-1.3586888307668898
-1.5482530673624533
0.050752785747981144
0.5419048330716492
1.9246979598993552
0
0
0
0
0
0
0
0
0
0
0
0
0
0
0
0
0
0
0
0
0
0
0
0
0
0
0
0
0
0
0
0
0
0
0
0
0
0
0
0
0
0
0
0
0
0
0
0
0
0
0
0
0
0
0
0
0
0
0
0
0
0
0
0
0
0
0
0
0
0
0
0
0
0
0
0
0
0
0
0
0
0
0
-0.08141703565332395
-0.1892985811523083
0
0
0.08141703565332395
0.1892985811523083
0
0
0
0
0
0
0
0
0
0
0
0
0
0
0
0
0
-0.002344842216841523
-0.17917689916481877
-0.5182494865107661
0.0014054430055985359
0.04439541537119187
0.37097289805234585
-0.00769077508477007
-0.1805492263912544
0.033921186433403236
0.018313033444297248
0.14771496078176793
0.23332418763017196
0
0
0
0
0
0
0
0
0
0
0
0
0
0
0
0
0
0
0
0
0
-0.08141703565332395
0.1892985811523083
0
0
0
0
0
0
0.08141703565332395
-0.1892985811523083
0
0
0
0
0
0
0
0
0
0
0
0
0
-0.002344842216841523
-0.17917689916481877
-0.5182494865107661
0.0014054430055985359
0.04439541537119187
0.37097289805234585
-0.00769077508477007
-0.1805492263912544
0.033921186433403236
0.018313033444297248
0.14771496078176793
0.23332418763017196
0
0
0
0
0
0
0
0
0
0
0
0
0
0
0
0
0
0
0
0
0
0
0
0
0
0
0
0
0
0
0
0
0
0
0
0
0
0
0
0
0
0
0
0
0
0
0
0
0
0
0
0
0
0
0
0
0
0
0
0
0
0
0
0
0
0
0
0
0
0
0
0
0
0
0
0
0
0
0
0
0
0
0
0
0
0
0
0
0
0
0
0
0
0
0
0
0
0
0
0
0
0
0
0
0
0
0
0
0
0
0
0
0
0
0
0
0
0
0
0
0
0
0
0
0
0
0
0
0
0
0
0
0
0
0
0
0
0
0
0
0
0
0
0
0
0
0
0
0
0
0
0
0
0
0
0
0
0
0
0
0
0
0
0
0
0
0
0
0
0
0
0
0
0
0
0
0
0
0
0
0
0
0
0
0
0
0
0
0
0
0
0
0
0
0
0
0
0
0
0
0
0
0
0
0
0
0
0
0
0
0
0
0
0
0
0
0
0
0
0
0
0
0
0
0
0
0
0
0
0
0
0
0
0
0
0
0
0
0
0
0
0
0
0
0
0
0
0
0
0
0
0
0
0
0
0
0
0
0
0
0
0
0
0
0
0
0
0
-0.06396477816602693
-1.3586888307668898
-1.5482530673624533
0.050752785747981144
0.5419048330716492
1.9246979598993552
0
0
0
0
0
0
0
0
0
0
0
0
0
0
0
0
0
0
0
0
0
0
0
0
0
0
0
-0.18929858115230827
0.05022209881644315
0
0
0.18929858115230827
-0.05022209881644315
0
0
0
0
0
0
0
0
0
0
0
0
0
0
0
0
0
0.003297848435121
0.2519991546878853
0.728879856314572
-0.0019766524090086097
-0.06243889250068335
-0.5217461467245988
0.010816510550692937
0.2539292321846435
-0.04770765844856295
-0.025755937117143753
-0.20775024808035386
-0.32815334077723407
0
0
0
0
0
0
0
0
0
0
0
0
0
0
0
0
0
0
0
0
0
0.18929858115230827
0.05022209881644315
0
0
0
0
0
0
-0.18929858115230827
-0.05022209881644315
0
0
0
0
0
0
0
0
0
0
0
0
0
-0.003297848435121
-0.2519991546878853
-0.728879856314572
0.0019766524090086097
0.06243889250068335
0.5217461467245988
-0.010816510550692937
-0.2539292321846435
0.04770765844856295
0.025755937117143753
0.20775024808035386
0.32815334077723407
0
0
0
0
0
0
0
0
0
0
0
0
0
0
0
0
0
0
0
0
0
0.038965483927561745
-0.05480209255500915
0
0
-0.038965483927561745
0.05480209255500915
0
0
0
0
0
-0.00001493589043120235
-0.0010226378652185234
-0.008397093256566237
0.00008632584901236732
0.001112191034946402
0.00792494746542852
0
0
0
0
0
0
0
0
0
0
0
0
-0.00006852975233744962
-0.06967887516101898
-0.10190342163979405
0.00004321883607667556
0.02420953970310363
0.1030417855709578
0
0
0
0
0
0
0
0
0
0
0
0
0
0
0
0
0
0
0
0
0
0.20073464672808983
-0.2823185440078328
0
0
-0.20073464672808983
0.2823185440078328
0
0
0
0
0
0
0
0
0
0
0
0.002909886641101973
-0.13967985725543192
-1.0753694478488471
0.011487020785880198
0.10036276608218389
0.42984247624250627
0
0
0
0
0
0
-0.008439822743812334
-0.42731601368797145
-1.0059128299654687
0.019406594559075122
0.22336644266263672
0.8155339404632624
0
0
0
0
0
0
0
0
0
0
0
0
0
0
0
0
0
0
0
0
-0.2160124585196411
0
0
0
0.2160124585196411
0
0
0
0
0
0
0
0
0
0
0
0
0
0
0
0
0
0
0
0
0
0
0
0
0
0
0
0
0
0
0
0
0
0
0
0
0
0
0
0
0
0
0
0
0
0
0
0
0
0
0
0
-0.08141703565332395
-0.18929858115230824
0
0
0.08141703565332395
0.18929858115230824
0
0
0
0
0
0
0
0
0
0
0
0
0
0
0
0
0
-0.0023448422168415237
-0.17917689916481871
-0.5182494865107661
0.0014054430055985368
0.04439541537119186
0.3709728980523458
-0.007690775084770068
-0.18054922639125426
0.03392118643340326
0.018313033444297248
0.14771496078176788
0.2333241876301719
0
0
0
0
0
0
0
0
0
0
0
0
0
0
0
0
0
0
0
0
0
-0.18929858115230827
0.0502220988164431
0
0
0.18929858115230827
-0.05022209881644311
0
0
0
0
0
0
0
0
0
0
0
0
0
0
0
0
0
0.0032978484351210012
0.25199915468788525
0.7288798563145721
-0.0019766524090086115
-0.06243889250068334
-0.5217461467245988
0.010816510550692937
0.25392923218464347
-0.047707658448562944
-0.02575593711714375
-0.2077502480803538
-0.32815334077723396
0
0
0
0
0
0
0
0
0
0
0
0
0
0
0
0
0
0
0
0
0
0
0
0
0
0
0
0
0
0
0
0
0
0
0
0
0
0
0
0
0
0
0
0
0
0
0
0
0
0
-0.06375520772450892
-1.393961472164658
-2.439428736953891
0.1902796682434273
1.0819536584195035
2.655991772224685
0
0
0
0
0
0
0
0
0
0
0
0
0
0
0
0
0
0
0
0
0
0
0
0
0
0
0.18014009417224386
0
0
0
-0.18014009417224386
0
0
0
0
0
0
0
0
0
0
0
0
0
0
0
0
0
0
0
-0.004606869226640527
-0.3852966289090473
-2.1349038245134153
0.010416864308834553
0.15634497875188244
1.0413257317073574
0
0
0
0
0
0
0
0
0
0
0
0
0
0
0
0
0
0
0
0
0
0.038965483927561745
0.05480209255500915
0
0
0
0
0
0
-0.038965483927561745
-0.05480209255500915
0
-0.00001493589043120235
-0.0010226378652185234
-0.008397093256566237
0.00008632584901236732
0.001112191034946402
0.00792494746542852
0
0
0
0
0
0
0
0
0
0
0
0
-0.00006852975233744962
-0.06967887516101898
-0.10190342163979405
0.00004321883607667556
0.02420953970310363
0.1030417855709578
0
0
0
0
0
0
0
0
0
0
0
0
0
0
0
0
0
0
0
0
0
0.20073464672808983
0.2823185440078328
0
0
0
0
0
0
-0.20073464672808983
-0.2823185440078328
0
0
0
0
0
0
0
0.002909886641101973
-0.13967985725543192
-1.0753694478488471
0.011487020785880198
0.10036276608218389
0.42984247624250627
0
0
0
0
0
0
-0.008439822743812334
-0.42731601368797145
-1.0059128299654687
0.019406594559075122
0.22336644266263672
0.8155339404632624
0
0
0
0
0
0
0
0
0
0
0
0
0
0
0
0
0
0
0
0
-0.2160124585196411
0
0
0
0
0
0
0
0.2160124585196411
0
0
0
0
0
0
0
0
0
0
0
0
0
0
0
0
0
0
0
0
0
0
0
0
0
0
0
0
0
0
0
0
0
0
0
0
0
0
0
0
0
0
0
0
0
0
0
0
-0.08141703565332395
0.18929858115230824
0
0
0
0
0
0
0.08141703565332395
-0.18929858115230824
0
0
0
0
0
0
0
0
0
0
0
0
0
-0.0023448422168415237
-0.17917689916481871
-0.5182494865107661
0.0014054430055985368
0.04439541537119186
0.3709728980523458
-0.007690775084770068
-0.18054922639125426
0.03392118643340326
0.018313033444297248
0.14771496078176788
0.2333241876301719
0
0
0
0
0
0
0
0
0
0
0
0
0
0
0
0
0
0
0
0
0
0.18929858115230827
0.0502220988164431
0
0
0
0
0
0
-0.18929858115230827
-0.05022209881644311
0
0
0
0
0
0
0
0
0
0
0
0
0
-0.0032978484351210012
-0.25199915468788525
-0.7288798563145721
0.0019766524090086115
0.06243889250068334
0.5217461467245988
-0.010816510550692937
-0.25392923218464347
0.047707658448562944
0.02575593711714375
0.2077502480803538
0.32815334077723396
0
0
0
0
0
0
0
0
0
0
0
0
0
0
0
0
0
0
0
0
0
0
0
0
0
0
0.18014009417224386
0
0
0
-0.18014009417224386
0
0
0
0
0
0
0
0
0
0
0
0
0
0
0
0
0
0
0
-0.004606869226640527
-0.3852966289090473
-2.1349038245134153
0.010416864308834553
0.15634497875188244
1.0413257317073574
0
0
0
0
0
0
0
0
0
0
0
0
0
0
0
0
0
0
0
0
0
0
0
0
0
0
0
0
0
0
0
0
0
0
0
0
0
0
0
0
0
0
0
0
0
0
0
0
0
0
-0.06375520772450892
-1.393961472164658
-2.439428736953891
0.1902796682434273
1.0819536584195035
2.655991772224685
