0
0
0
0
0
0
0
0
0
0
0
0
0
0
0
0
0
0
0
0
0
0
0
0
0
0
0
0
0
0
0
0
-0.0016707115390535955
-0.036528908038405486
-0.06392547741394708
0.012393150772504136
0.07046899977033051
0.1729880511853195
0
0
0
0
0
0
0
0
0
0
0
0
0
0
0
0
0
0
0
0
0
0
0
0
0
0
0
0
0
0
0
0
0
0
0
0
0
0
0
0
0
0
0
0
0
0
0
0
0
0
-0.00006096066659752586
-0.004571351113937711
-0.03695975245062781
0.00034729248615948796
0.004792572548199851
0.03557039033281889
0.007623798501893725
-0.025019421530030592
-0.024196441203026182
0.09770465923907096
0.15198955417493576
0.17167949129166782
0
0
0
0
0
0
0
0
0
0
0
0
0
0
0
0
0
0
0
0
0
0
0
0
0
0
0
0
0
0
0
0
0.0000000000000001734723475976807
0
0
0
0
0
0
0
0
0
0
0
0
0
0
0
0
0
0
0
0
0
0
0
0
0
0
0
0
0
0
0
0
0
0
0
0
0
0
0
0
0
0
0
0
0
0
0
0
0
0
0
0
0
0
0
0
0.0000000000000001734723475976807
0
0
0
0
0
0
0
0
0
0
0
0
0
0
0
0
0
0
0
0
0
0
0
0
0
0
0
0
0
0
0
0
0
0
0
0
0
0
0
0
0
0
0
0
0
0
0
0
0
0
0
0
0
0
0
0
0.0000000000000001734723475976807
0
0
0
0
0
0
0
0
0
0
0
0
0
0
0
0
0
0
0
0
0
0
0
0
0
0
0
0
0
0
0
0
0
0
0
0
0
0
0
0
0
0
0
0
0
0
0
0
0
0
0
0
0
0
0.038965483927561745
-0.054802092555009146
0
0
-0.038965483927561745
0.054802092555009146
0
0
0
0
0
-0.000014935890431202352
-0.0010226378652185236
-0.008397093256566238
0.00008632584901236732
0.001112191034946402
0.00792494746542852
0
0
0
0
0
0
0
0
0
0
0
0
-0.00006852975233744962
-0.06967887516101898
-0.10190342163979403
0.00004321883607667554
0.024209539703103626
0.10304178557095778
0
0
0
0
0
0
0
0
0
0
0
0
0
0
0
0
0
0
0
0
0
0.038965483927561745
0.054802092555009146
0
0
0
0
0
0
-0.038965483927561745
-0.054802092555009146
0
-0.000014935890431202352
-0.0010226378652185236
-0.008397093256566238
0.00008632584901236732
0.001112191034946402
0.00792494746542852
0
0
0
0
0
0
0
0
0
0
0
0
-0.00006852975233744962
-0.06967887516101898
-0.10190342163979403
0.00004321883607667554
0.024209539703103626
0.10304178557095778
0
0
0
0
0
0
0
0
0
0
0
0
0
0
0
0
0
0
0
0
0
0
0
0
0
0
0
0
0
0
0
0
-0.000060960666597525875
-0.004571351113937711
-0.03695975245062781
0.00034729248615948807
0.00479257254819985
0.03557039033281889
0.007623798501893725
-0.025019421530030592
-0.02419644120302618
0.09770465923907094
0.15198955417493576
0.17167949129166782
0
0
0
0
0
0
0
0
0
0
0
0
0
0
0
0
0
0
0
0
0
0
0
0
0
0
0
0
0
0
0
0
0
0
0
0
0
0
0
0
0
0
0
0
0
0
0
0
0
0
0.024563296360993365
-0.6235941886311134
-2.350955090725558
0.10185470279956334
0.6259821871114201
1.6058633515578715
0
0
0
0
0
0
0
0
0
0
0
0
0
0
0
0
0
0
0
0
0
0
0
0
0
0
0
0
0
0
0
0
0.0000000000000000971445146547012
0
0
0
0
0
0
0
0
0
0
0
0
0
0
0
0
0
0
0
0
0
0
0
0
0
0
0
0
0
0
0
0
0
0
0
0
0
0
0
0
0
0
0
0
0
0
0
0
0
0
0
0
0
0
0
0
0.0000000000000000971445146547012
0
0
0
0
0
0
0
0
0
0
0
0
0
0
0
0
0
0
0
0
0
0
0
0
0
0
0
0
0
0
0
0
0
0
0
0
0
0
0
0
0
0
0
0
0
0
0
0
0
0
0
0
0
0
0
0
0.0000000000000000971445146547012
0
0
0
0
0
0
0
0
0
0
0
0
0
0
0
0
0
0
0
0
0
0
0
0
0
0
0
0
0
0
0
0
0
0
0
0
0
0
0
0
0
0
0
0
0
0
0
0
0
0
0
0
0
0
0.20073464672808983
-0.28231854400783285
0
0
-0.20073464672808983
0.28231854400783285
0
0
0
0
0
0
0
0
0
0
0
0.0029098866411019723
-0.13967985725543192
-1.0753694478488474
0.011487020785880198
0.10036276608218389
0.42984247624250627
0
0
0
0
0
0
-0.008439822743812336
-0.42731601368797134
-1.0059128299654687
0.019406594559075122
0.2233664426626368
0.8155339404632628
0
0
0
0
0
0
0
0
0
0
0
0
0
0
0
0
0
0
0
0
0
0.20073464672808983
0.28231854400783285
0
0
0
0
0
0
-0.20073464672808983
-0.28231854400783285
0
0
0
0
0
0
0
0.0029098866411019723
-0.13967985725543192
-1.0753694478488474
0.011487020785880198
0.10036276608218389
0.42984247624250627
0
0
0
0
0
0
-0.008439822743812336
-0.42731601368797134
-1.0059128299654687
0.019406594559075122
0.2233664426626368
0.8155339404632628
0
0
0
0
0
0
0
0
0
0
0
0
0
0
0
0
0
0
0
0
0.00000000000000038510861166685117
0
0
0
0
0
0
0
0
0
0
0
0
0
0
0
0
0
0
0
0
0
0
0
0
0
0
0
0
0
0
0
0
0
0
0
0
0
0
0
0
0
0
0
0
0
0
0
0
0
0
0
0
0
0
0
0.00000000000000011102230246251565
0
0
0
0
0
0
0
0
0
0
0
0
0
0
0
0
0
0
0
0
0
0
0
0
0
0
0
0
0
0
0
0
0
0
0
0
0
0
0
0
0
0
0
0
0
0
0
0
0
0
0
0
0
0
0
0
0
0
0
0
0
0
0
0
0
0
0
0
0
0
0
0
0
0
0
0
0
0
0
-0.06396477816602694
-1.3586888307668898
-1.5482530673624533
0.05075278574798113
0.5419048330716493
1.9246979598993554
0
0
0
0
0
0
0
0
0
0
0
0
0
0
0
0
0
0
0
0
0
0
0
0
0
0
0
0
0
0
0
0
0
0
0
0
0
0
0
0
0
0
0
0
0
0
0
0
0
0
0
0
0
0
0
0
0
0
0
0
0
0
0
0
0
0
0
0
0
0
0
0
0
0
0
0
0
0
0
0
0
0
0
0
0
0
0
0
0
0
0
0
0
0
0
0
0
0
0
0
0
0
0
0
0
0
0
0
0
0
0
0
0
0
0
0
0
0
0
0
0
0
0
0
0
0
0
0
0
0
0
0
0
0
0
0
0
0
-0.2160124585196412
0
0
0
0.21601245851964113
0
0
0
0
0
0
0
0
0
0
0
0
0
0
0
0
0
0
0
0
0
0
0
0
0
0
0
0
0
0
0
0
0
0
0
0
0
0
0
0
0
0
0
0
0
0
0
0
0
0
0
-0.2160124585196412
0
0
0
0
0
0
0
0.21601245851964113
0
0
0
0
0
0
0
0
0
0
0
0
0
0
0
0
0
0
0
0
0
0
0
0
0
0
0
0
0
0
0
0
0
0
0
0
0
0
0
0
0
0
0
0
0
0
0
0
0.00000000000000038510861166685117
0
0
0
0
0
0
0
0
0
0
0
0
0
0
0
0
0
0
0
0
0
0
0
0
0
0
0
0
0
0
0
0
0
0
0
0
0
0
0
0
0
0
0
0
0
0
0
0
0
0
0
0
0
0
0
0.00000000000000011102230246251565
0
0
0
0
0
0
0
0
0
0
0
0
0
0
0
0
0
0
0
0
0
0
0
0
0
0
0
0
0
0
0
0
0
0
0
0
0
0
0
0
0
0
0
0
0
0
0
0
0
0
0
0
0
0
0
0
0
0
0
0
0
0
0
0
0
0
0
0
0
0
0
0
0
0
0
0
0
0
0
0
0
0
0
0
0
0
0
0
0
0
0
0
0
0
0
0
0
0
0
0
0
0
0
0
0
0
0
0
0
0
0
0
0
0
0
0
0
0
0
0
0
0
0
0
0
0
0
0
0
0
0
0
0
0
-0.06396477816602694
-1.3586888307668898
-1.5482530673624533
0.05075278574798113
0.5419048330716493
1.9246979598993554
0
0
0
0
0
0
0
0
0
0
0
0
0
0
0
0
0
0
0
0
0
0
0
0
0
0
0
0
0
0
0
0
0
0
0
0
0
0
0
0
0
0
0
0
0
0
0
0
0
0
0
0
0
0
0
0
0
0
0
0
0
0
0
0
0
0
0
0
0
0
0
0
0
0
0
0
0
0
0
0
0
0
0
-0.08141703565332398
-0.18929858115230833
0
0
0.0814170356533239
0.18929858115230833
0
0
0
0
0
0
0
0
0
0
0
0
0
0
0
0
0
-0.0023448422168415245
-0.17917689916481871
-0.5182494865107662
0.0014054430055985359
0.04439541537119187
0.3709728980523459
-0.007690775084770071
-0.18054922639125437
0.03392118643340326
0.018313033444297248
0.14771496078176796
0.233324187630172
0
0
0
0
0
0
0
0
0
0
0
0
0
0
0
0
0
0
0
0
0
-0.08141703565332398
0.18929858115230833
0
0
0
0
0
0
0.0814170356533239
-0.18929858115230833
0
0
0
0
0
0
0
0
0
0
0
0
0
-0.0023448422168415245
-0.17917689916481871
-0.5182494865107662
0.0014054430055985359
0.04439541537119187
0.3709728980523459
-0.007690775084770071
-0.18054922639125437
0.03392118643340326
0.018313033444297248
0.14771496078176796
0.233324187630172
0
0
0
0
0
0
0
0
0
0
0
0
0
0
0
0
0
0
0
0
0
0
0.00000000000000038510861166685117
0
0
0
0
0
0
0
0
0
0
0
0
0
0
0
0
0
0
0
0
0
0
0
0
0
0
0
0
0
0
0
0
0
0
0
0
0
0
0
0
0
0
0
0
0
0
0
0
0
0
0
0
0
0
0
0.00000000000000011102230246251565
0
0
0
0
0
0
0
0
0
0
0
0
0
0
0
0
0
0
0
0
0
0
0
0
0
0
0
0
0
0
0
0
0
0
0
0
0
0
0
0
0
0
0
0
0
0
0
0
0
0
0
0
0
0
0
0
0
0
0
0
0
0
0
0
0
0
0
0
0
0
0
0
0
0
0
0
0
0
0
0
0
0
0
0
0
0
0
0
0
0
0
0
0
0
0
0
0
0
0
0
0
0
0
0
0
0
0
0
0
0
0
0
0
0
0
0
0
0
0
0
0
0
0
0
0
0
0
0
0
0
0
0
0
0
0
0
0
0
0
0
0
0
0
0
0
0
0
0
0
0
0
0
0
0
0
0
0
0
0
0
0
0
0
0
0
0
0
0
0
0
0
0
0
0
0
0
0
0
0
0
0
0
0
0
0
0
0
0
0
-0.06396477816602694
-1.3586888307668898
-1.5482530673624533
0.05075278574798113
0.5419048330716493
1.9246979598993554
0
0
0
0
0
0
0
0
0
0
0
0
0
0
0
0
0
0
0
0
0
0
0
0
0
0
0
-0.1892985811523083
0.0502220988164431
0
0
0.1892985811523083
-0.050222098816443184
0
0
0
0
0
0
0
0
0
0
0
0
0
0
0
0
0
0.0032978484351209986
0.2519991546878853
0.7288798563145722
-0.00197665240900861
-0.062438892500683366
-0.521746146724599
0.010816510550692939
0.2539292321846435
-0.047707658448562874
-0.025755937117143753
-0.2077502480803539
-0.3281533407772341
0
0
0
0
0
0
0
0
0
0
0
0
0
0
0
0
0
0
0
0
0
0.1892985811523083
0.0502220988164431
0
0
0
0
0
0
-0.1892985811523083
-0.050222098816443184
0
0
0
0
0
0
0
0
0
0
0
0
0
-0.0032978484351209986
-0.2519991546878853
-0.7288798563145722
0.00197665240900861
0.062438892500683366
0.521746146724599
-0.010816510550692939
-0.2539292321846435
0.047707658448562874
0.025755937117143753
0.2077502480803539
0.3281533407772341
0
0
0
0
0
0
0
0
0
0
0
0
0
0
0
0
0
0
0
0
0
0.03896548392756174
-0.05480209255500914
0
0
-0.03896548392756174
0.05480209255500914
0
0
0
0
0
-0.000014935890431202354
-0.0010226378652185232
-0.008397093256566235
0.00008632584901236734
0.001112191034946402
0.007924947465428519
0
0
0
0
0
0
0
0
0
0
0
0
-0.00006852975233744962
-0.06967887516101896
-0.10190342163979402
0.00004321883607667554
0.024209539703103623
0.10304178557095778
0
0
0
0
0
0
0
0
0
0
0
0
0
0
0
0
0
0
0
0
0
0.20073464672808983
-0.28231854400783285
0
0
-0.20073464672808983
0.28231854400783285
0
0
0
0
0
0
0
0
0
0
0
0.0029098866411019723
-0.13967985725543194
-1.0753694478488474
0.011487020785880197
0.1003627660821839
0.42984247624250627
0
0
0
0
0
0
-0.008439822743812336
-0.42731601368797134
-1.0059128299654685
0.01940659455907512
0.22336644266263678
0.8155339404632627
0
0
0
0
0
0
0
0
0
0
0
0
0
0
0
0
0
0
0
0
-0.21601245851964102
0
0
0
0.2160124585196411
0
0
0
0
0
0
0
0
0
0
0
0
0
0
0
0
0
0
0
0
0
0
0
0
0
0
0
0
0
0
0
0
0
0
0
0
0
0
0
0
0
0
0
0
0
0
0
0
0
0
0
0
-0.08141703565332384
-0.18929858115230824
0
0
0.08141703565332392
0.18929858115230824
0
0
0
0
0
0
0
0
0
0
0
0
0
0
0
0
0
-0.0023448422168415245
-0.17917689916481871
-0.5182494865107661
0.0014054430055985368
0.04439541537119186
0.3709728980523458
-0.00769077508477007
-0.1805492263912542
0.03392118643340322
0.018313033444297248
0.14771496078176796
0.23332418763017193
0
0
0
0
0
0
0
0
0
0
0
0
0
0
0
0
0
0
0
0
0
-0.18929858115230824
0.05022209881644324
0
0
0.18929858115230824
-0.050222098816443156
0
0
0
0
0
0
0
0
0
0
0
0
0
0
0
0
0
0.0032978484351210017
0.25199915468788525
0.7288798563145721
-0.001976652409008612
-0.062438892500683345
-0.5217461467245988
0.010816510550692939
0.25392923218464336
-0.04770765844856303
-0.025755937117143746
-0.20775024808035383
-0.328153340777234
0
0
0
0
0
0
0
0
0
0
0
0
0
0
0
0
0
0
0
0
0
0
0
0
0
0
0
0
0
0
0
0
0
0
0
0
0
0
0
0
0
0
0
0
0
0
0
0
0
0
-0.06375520772450893
-1.3939614721646578
-2.4394287369538907
0.1902796682434273
1.0819536584195035
2.6559917722246844
0
0
0
0
0
0
0
0
0
0
0
0
0
0
0
0
0
0
0
0
0
0
0
0
0
0
0.18014009417224383
0
0
0
-0.18014009417224383
0
0
0
0
0
0
0
0
0
0
0
0
0
0
0
0
0
0
0
-0.004606869226640526
-0.38529662890904737
-2.1349038245134158
0.010416864308834553
0.1563449787518824
1.0413257317073574
0
0
0
0
0
0
0
0
0
0
0
0
0
0
0
0
0
0
0
0
0
0.03896548392756174
0.05480209255500914
0
0
0
0
0
0
-0.03896548392756174
-0.05480209255500914
0
-0.000014935890431202354
-0.0010226378652185232
-0.008397093256566235
0.00008632584901236734
0.001112191034946402
0.007924947465428519
0
0
0
0
0
0
0
0
0
0
0
0
-0.00006852975233744962
-0.06967887516101896
-0.10190342163979402
0.00004321883607667554
0.024209539703103623
0.10304178557095778
0
0
0
0
0
0
0
0
0
0
0
0
0
0
0
0
0
0
0
0
0
0.20073464672808983
0.28231854400783285
0
0
0
0
0
0
-0.20073464672808983
-0.28231854400783285
0
0
0
0
0
0
0
0.0029098866411019723
-0.13967985725543194
-1.0753694478488474
0.011487020785880197
0.1003627660821839
0.42984247624250627
0
0
0
0
0
0
-0.008439822743812336
-0.42731601368797134
-1.0059128299654685
0.01940659455907512
0.22336644266263678
0.8155339404632627
0
0
0
0
0
0
0
0
0
0
0
0
0
0
0
0
0
0
0
0
-0.21601245851964102
0
0
0
0
0
0
0
0.2160124585196411
0
0
0
0
0
0
0
0
0
0
0
0
0
0
0
0
0
0
0
0
0
0
0
0
0
0
0
0
0
0
0
0
0
0
0
0
0
0
0
0
0
0
0
0
0
0
0
0
-0.08141703565332384
0.18929858115230824
0
0
0
0
0
0
0.08141703565332392
-0.18929858115230824
0
0
0
0
0
0
0
0
0
0
0
0
0
-0.0023448422168415245
-0.17917689916481871
-0.5182494865107661
0.0014054430055985368
0.04439541537119186
0.3709728980523458
-0.00769077508477007
-0.1805492263912542
0.03392118643340322
0.018313033444297248
0.14771496078176796
0.23332418763017193
0
0
0
0
0
0
0
0
0
0
0
0
0
0
0
0
0
0
0
0
0
0.18929858115230824
0.05022209881644324
0
0
0
0
0
0
-0.18929858115230824
-0.050222098816443156
0
0
0
0
0
0
0
0
0
0
0
0
0
-0.0032978484351210017
-0.25199915468788525
-0.7288798563145721
0.001976652409008612
0.062438892500683345
0.5217461467245988
-0.010816510550692939
-0.25392923218464336
0.04770765844856303
0.025755937117143746
0.20775024808035383
0.328153340777234
0
0
0
0
0
0
0
0
0
0
0
0
0
0
0
0
0
0
0
0
0
0
0
0
0
0
0.18014009417224383
0
0
0
-0.18014009417224383
0
0
0
0
0
0
0
0
0
0
0
0
0
0
0
0
0
0
0
-0.004606869226640526
-0.38529662890904737
-2.1349038245134158
0.010416864308834553
0.1563449787518824
1.0413257317073574
0
0
0
0
0
0
0
0
0
0
0
0
0
0
0
0
0
0
0
0
0
0
0
0
0
0
0
0
0
0
0
0
0
0
0
0
0
0
0
0
0
0
0
0
0
0
0
0
0
0
-0.06375520772450893
-1.3939614721646578
-2.4394287369538907
0.1902796682434273
1.0819536584195035
2.6559917722246844
