jax:
[-5.75979958e-02 -5.48829059e-02 -1.46313884e-02 -1.01679365e-02
 -5.96963137e-03 -3.61620379e-03 -3.09587225e-03 -2.74408216e-03
 -2.53366483e-03 -2.14734672e-03 -1.36445824e-03 -1.30009953e-03
 -8.28367505e-04 -7.52925036e-04 -7.16769689e-05 -8.82974249e-15
  1.04805054e-13  3.30416250e-12  6.37112585e-12  7.11464221e-12
  1.81259452e-11  5.86041633e-07  1.82223397e-05  2.61704077e-04
  3.53245829e-04  5.02288038e-04  1.39189684e-03  2.02434508e-03
  9.71943465e-03  1.00657084e-02  1.67793928e-02  1.81168502e-02
  3.03769530e-02  2.22635364e-01]
analytical:
[-5.69647574e-02 -5.44775633e-02 -2.99376810e-02 -1.56052956e-02
 -1.48767863e-02 -1.35074800e-02 -1.03512482e-02 -4.80686649e-03
 -4.14058445e-03 -3.89867927e-03 -2.73332234e-03 -1.67097395e-03
 -1.35512173e-03 -6.69980791e-08 -2.02661754e-09  1.80976073e-09
  8.76167203e-08  1.01912406e-07  9.04385818e-07  9.11194899e-07
  3.36194150e-05  3.61535917e-05  2.70431890e-04  3.16911767e-04
  5.21859034e-04  5.30859226e-04  2.26619091e-03  4.09941353e-03
  1.01999543e-02  1.03887907e-02  1.81476350e-02  1.84276689e-02
  4.70757822e-02  2.24378329e-01]
denergy:
[-5.76437282e-02 -5.18902333e-02 -3.14271802e-02 -1.54166551e-02
 -1.52417559e-02 -1.33807501e-02 -1.03752603e-02 -4.10005835e-03
 -3.62916097e-03 -2.78669030e-03 -1.87655758e-03 -1.84459907e-03
 -1.36186478e-03 -8.91956032e-04 -5.34243182e-04 -4.45846707e-04
  9.05180259e-07  3.37324837e-05  3.98999429e-05  2.72054664e-04
  3.29672370e-04  3.93507666e-04  5.24699958e-04  5.31144635e-04
  1.42078663e-03  2.26990239e-03  4.12121736e-03  7.48053832e-03
  9.75856512e-03  1.18010396e-02  1.70765546e-02  1.89644744e-02
  4.40442985e-02  2.24906221e-01]
grad:
[-3.49050277e+00 -1.79775356e+00 -1.68690235e+00 -1.42823115e+00
 -1.11141269e+00 -4.23161700e-01 -4.20601640e-01 -1.41965207e-01
 -1.01721607e-01 -4.45163207e-02 -3.07794924e-02 -9.09397637e-03
  3.39179297e-05  2.37027391e-03  4.71842214e-03  6.43016814e-03
  1.23937985e-02  1.12336795e-01  1.50953439e-01  1.56757893e-01
  2.35202061e-01  2.43017654e-01  3.29088865e-01  4.49110489e-01
  9.09957996e-01  1.41131983e+00  2.61097709e+00  3.11387684e+00
  3.18158514e+00  3.33304505e+00  3.38047436e+00  3.48049772e+00
  6.92620562e+00  7.51626086e+00]
