jax:
[-2.30428731e-01 -2.19207253e-01 -1.42790925e-01 -1.29390803e-01
 -6.31531674e-02 -2.60646043e-02 -1.32037222e-02 -7.20770579e-03
 -6.01113569e-03 -1.69606689e-03 -3.03981948e-04  2.67035806e-03
  3.89778403e-03  4.61488882e-03  1.49104790e-02  2.12853474e-02
  2.33324995e-02  2.77355330e-02  3.92703326e-02  5.19150064e-02
  6.33681146e-02  7.61756809e-02  3.00883180e-01  6.45887139e-01]
analytical:
[-2.40087804e+00 -2.40006049e+00 -8.97934599e-01 -9.28306483e-02
 -8.87854318e-02 -6.35858953e-02 -5.92879333e-02 -6.00616450e-03
  1.58851258e-04  2.50371652e-03  4.41181096e-03  5.54061714e-03
  1.30546258e-02  1.52553154e-02  1.99589505e-02  2.05895877e-02
  3.80623468e-02  6.47291378e-02  2.03211090e-01  2.59785227e-01
  8.42429486e-01  9.88356490e-01  1.28040552e+00  3.62405581e+00]
denergy:
[-8.97934599e-01 -7.82077252e-01 -5.52977478e-01 -8.87854318e-02
 -6.35858953e-02 -5.92879333e-02 -1.98170150e-02 -6.00616450e-03
  1.58851258e-04  2.50371652e-03  4.41181096e-03  5.54061714e-03
  1.30546258e-02  1.52553154e-02  1.99589505e-02  2.01166923e-02
  2.05895877e-02  6.47291378e-02  2.03211090e-01  2.59785227e-01
  4.80792057e-01  8.42429486e-01  1.28040552e+00  2.13632280e+00]
grad:
[-7.70861249 -5.82746665 -4.90508916 -2.3178148  -2.15321261 -1.84941008
 -1.72411535 -0.92092139 -0.40512137 -0.26962165 -0.20646489 -0.18790543
 -0.04347047  0.05818896  0.08746896  0.21323387  0.85403988  1.41202544
  2.58137955  2.73800182  3.59887522  4.40364806  4.99159292  7.59987395]
