jax:
[-5.74918478e-01 -4.19693941e-01 -1.22192126e-01 -8.10994247e-02
 -6.96042300e-02 -2.81420567e-02 -2.17672754e-02 -1.78507059e-02
 -1.21351086e-02 -7.87173579e-03 -7.80397046e-03 -6.37215455e-03
 -5.58274427e-03 -5.01142174e-04  7.62237203e-04  4.45416345e-03
  5.09584955e-03  8.34847173e-03  9.30775357e-03  1.19780838e-02
  1.79172773e-02  5.28918243e-02  2.20046166e-01  1.84207492e+00]
analytical:
[-5.74918397e-01 -4.19693907e-01 -1.22192296e-01 -8.10994244e-02
 -6.96042294e-02 -2.81420804e-02 -2.17672676e-02 -1.78506852e-02
 -1.21350659e-02 -7.87173492e-03 -7.80397111e-03 -6.37215062e-03
 -5.58274428e-03 -5.01143481e-04  7.62245149e-04  4.45445748e-03
  5.09584973e-03  8.34846187e-03  9.30775289e-03  1.19780843e-02
  1.79173126e-02  5.28918234e-02  2.20046123e-01  1.84207467e+00]
denergy:
[-6.22908953e+00 -1.71000874e+00 -3.00806818e-01 -1.22192296e-01
 -6.96042294e-02 -2.81420804e-02 -1.78506852e-02 -1.21350659e-02
 -7.87173492e-03 -7.80397111e-03 -6.37215062e-03 -5.58274428e-03
 -5.01143481e-04  7.62245149e-04  4.45445748e-03  5.09584973e-03
  8.34846187e-03  9.30775289e-03  1.19780843e-02  1.79173126e-02
  5.28918234e-02  3.46276482e-01  5.56924464e+00  7.07837092e+00]
grad:
[-10.84985415  -7.04248668  -3.80307529  -2.93933281  -2.84009983
  -2.82347771  -1.53614907  -1.37157433  -0.48582225  -0.39857322
  -0.3309051   -0.2124538   -0.06863271   0.06153631   0.07672022
   0.47119751   1.38529345   1.47519367   1.71391723   1.79112387
   2.64821681   5.69328716   8.59898824  11.41443536]
