jax:
[-6.44043097e-01 -6.33704562e-01 -2.07995266e-01 -1.08267475e-01
 -6.94999034e-02 -5.12158254e-02 -2.64962480e-02 -2.09393873e-02
 -2.05469326e-02 -1.23277131e-02 -1.10304387e-02 -1.06765242e-02
 -5.40831352e-03 -2.50994394e-03  9.84334099e-04  4.90571376e-03
  7.08538753e-03  1.40960121e-02  1.43651279e-02  4.76386206e-02
  4.78825270e-02  5.68837044e-02  2.74201003e-01  2.36815297e+00]
analytical:
[-6.44043097e-01 -6.33704562e-01 -2.07995266e-01 -1.08267475e-01
 -6.94999034e-02 -5.12158254e-02 -2.64962480e-02 -2.09393873e-02
 -2.05469326e-02 -1.23277131e-02 -1.10304387e-02 -1.06765242e-02
 -5.40831352e-03 -2.50994393e-03  9.84334099e-04  4.90571376e-03
  7.08538753e-03  1.40960121e-02  1.43651279e-02  4.76386206e-02
  4.78825270e-02  5.68837044e-02  2.74201003e-01  2.36815297e+00]
denergy:
[-6.44043097e-01 -6.33704562e-01 -2.07995266e-01 -1.08267475e-01
 -6.94999034e-02 -5.12158254e-02 -2.64962480e-02 -2.09393873e-02
 -2.05469326e-02 -1.23277131e-02 -1.10304387e-02 -1.06765242e-02
 -5.40831352e-03 -2.50994393e-03  9.84334099e-04  4.90571376e-03
  7.08538753e-03  1.40960121e-02  1.43651279e-02  4.76386206e-02
  4.78825270e-02  5.68837044e-02  2.74201003e-01  2.36815297e+00]
grad:
[-7.50701037 -4.51353478 -3.9858764  -3.0167496  -1.62912823 -1.48653304
 -0.74420649 -0.7133523  -0.51739325 -0.33358449 -0.20085934 -0.11211965
 -0.0706511   0.04085542  0.06202466  0.104278    0.86926265  0.8766895
  1.37159528  1.48115039  2.16180676  2.64757726  5.52691478  5.98314639]
