jax:
[-0.29841355 -0.22373844 -0.05781018 -0.05163926 -0.03751846 -0.03438912
 -0.00817148 -0.00721432 -0.0063995  -0.00607541 -0.0038701   0.00088117
  0.0036002   0.00836451  0.01217037  0.01259892  0.02429863  0.03598786
  0.04446174  0.05301094  0.06783769  0.09151418  0.14010844  0.44155409]
analytical:
[-0.29841245 -0.22373715 -0.05781024 -0.05163926 -0.03751846 -0.03438955
 -0.00817149 -0.00721433 -0.00639889 -0.00607539 -0.00387011  0.00088117
  0.00360023  0.00836455  0.01216957  0.01259897  0.02429863  0.03598798
  0.04446214  0.05301113  0.06783746  0.09151427  0.14010754  0.44155143]
denergy:
[-0.29841245 -0.22373715 -0.05781024 -0.05163926 -0.03751846 -0.03438955
 -0.00817149 -0.00721433 -0.00639889 -0.00607539 -0.00387011  0.00088117
  0.00360023  0.00836455  0.01216957  0.01259897  0.02429863  0.03598798
  0.04446214  0.05301113  0.06783746  0.09151427  0.14010754  0.44155143]
grad:
[-4.11944792 -3.72444734 -1.60541043 -1.35757965 -1.26160087 -0.98028694
 -0.46626184 -0.34143913 -0.29077155 -0.21325482 -0.06557466 -0.02029751
  0.02393908  0.03593588  0.0566984   0.12674267  0.6488848   0.75792582
  1.37401663  1.44131154  1.45911524  1.57644848  2.33365041  2.70147035]
