6 20 1 23 0 0
1 24 1 27 0 0
1 28 1 31 0 0
1 32 1 35 0 0
1 36 1 39 0 0
|
0 0 3 1 0 46 49 0
0 0 3 1 0 52 55 0
0 1 3 1 0 58 61 0
1 0 3 1 0 40 43 0
2 0 3 1 0 40 43 0
3 0 3 1 0 40 43 0
4 0 3 1 0 40 43 0
|
0.0 0.0 0.0 0.0 0.0 0.0 0.0 0.0 0.0 0.0 0.0 0.0 0.0 0.0 0.0 0.0 0.0 0.0 0.0 0.0 0.0 0.0 0.0 0.0 1.181785168908614 -1.181785168908614 1.181785168908614 0.0 -1.181785168908614 1.181785168908614 1.181785168908614 0.0 1.181785168908614 1.181785168908614 -1.181785168908614 0.0 -1.181785168908614 -1.181785168908614 -1.181785168908614 0.0 3.42525091 0.62391373 0.1688554 0.981706749037157 0.9494640084217566 0.295906454323468 71.616837 13.045096 3.5305122 9.598952312851035 9.283688435400752 2.8933202600953507 2.9412494 0.6834831 0.2222899 -0.5672461692027125 0.758737572640197 0.5726305268864764 2.9412494 0.6834831 0.2222899 1.7520264141711592 1.1017212488542159 0.1745311372557006
