jax:
[-5.57004931e-01 -4.17064612e-01 -2.24352144e-01 -7.18795447e-02
 -5.22484945e-02 -5.12915876e-02 -2.34439223e-02 -2.08472369e-02
 -5.83915299e-03 -4.35434602e-03 -3.96913037e-03 -9.12358479e-04
  5.58519310e-03  7.19958074e-03  1.01855627e-02  1.18702614e-02
  2.11162614e-02  2.72887169e-02  2.85329657e-02  6.29946487e-02
  6.99157152e-02  1.65519233e-01  1.71327800e-01  1.46465067e+00]
analytical:
[-5.57004961e-01 -4.17064461e-01 -2.24352148e-01 -7.18795445e-02
 -5.22484938e-02 -5.12915821e-02 -2.34439261e-02 -2.08472257e-02
 -5.83915298e-03 -4.35434007e-03 -3.96913176e-03 -9.12360642e-04
  5.58519289e-03  7.19957824e-03  1.01855623e-02  1.18702617e-02
  2.11162305e-02  2.72887691e-02  2.85329831e-02  6.29946486e-02
  6.99156388e-02  1.65519052e-01  1.71327817e-01  1.46465075e+00]
denergy:
[-6.49472678e+00 -1.85833919e+00 -4.17064461e-01 -2.82256638e-01
 -7.18795445e-02 -5.12915821e-02 -2.08472257e-02 -5.83915298e-03
 -4.35434007e-03 -3.96913176e-03 -9.12360642e-04  5.58519289e-03
  7.19957824e-03  1.01855623e-02  1.18702617e-02  2.11162305e-02
  2.72887691e-02  2.85329831e-02  6.29946486e-02  6.99156388e-02
  1.65519052e-01  2.64080245e-01  4.43637369e+00  5.51935498e+00]
grad:
[-11.94572061  -6.53330649  -4.65784996  -3.6253955   -3.11269754
  -2.61188925  -2.06000904  -1.44286461  -0.45081937  -0.38389507
  -0.31911431  -0.2752019   -0.06698281   0.06077398   0.10846724
   0.38660984   1.42490441   1.4650563    2.64337246   2.744553
   3.12634048   5.8416923    7.69971662  10.45579735]
