7 20 1 23 0 0
1 24 1 27 0 0
1 28 1 31 0 0
1 32 1 35 0 0
|
0 0 3 1 0 42 45 0
0 0 3 1 0 48 51 0
0 1 3 1 0 54 57 0
1 0 3 1 0 36 39 0
2 0 3 1 0 36 39 0
3 0 3 1 0 36 39 0
|
0.0 0.0 0.0 0.0 0.0 0.0 0.0 0.0 0.0 0.0 0.0 0.0 0.0 0.0 0.0 0.0 0.0 0.0 0.0 0.0 0.0 0.0 0.12782917821120293 0.0 1.7710467130106322 0.0 -0.5920396712763263 0.0 0.8855233565053161 1.5423633201834708 -0.5920396712763263 0.0 0.8855233565053161 -1.5423633201834708 -0.5920396712763263 0.0 3.42525091 0.62391373 0.1688554 0.981706749037157 0.9494640084217566 0.295906454323468 99.106169 18.052312 4.8856602 12.247233537080172 11.844990626280573 3.6915662373543543 3.7804559 0.8784966 0.2857144 -0.6847480561394698 0.9159058060717092 0.6912478421445725 3.7804559 0.8784966 0.2857144 2.3977618465124877 1.5077769381205255 0.23885723865064717
