6 20 1 23 0 0
6 24 1 27 0 0
6 28 1 31 0 0
6 32 1 35 0 0
6 36 1 39 0 0
6 40 1 43 0 0
1 44 1 47 0 0
1 48 1 51 0 0
1 52 1 55 0 0
1 56 1 59 0 0
1 60 1 63 0 0
1 64 1 67 0 0
|
0 0 6 1 0 76 82 0
0 0 3 1 0 88 91 0
0 0 1 1 0 94 95 0
0 1 3 1 0 96 99 0
0 1 1 1 0 102 103 0
0 2 1 1 0 104 105 0
1 0 6 1 0 76 82 0
1 0 3 1 0 88 91 0
1 0 1 1 0 94 95 0
1 1 3 1 0 96 99 0
1 1 1 1 0 102 103 0
1 2 1 1 0 104 105 0
2 0 6 1 0 76 82 0
2 0 3 1 0 88 91 0
2 0 1 1 0 94 95 0
2 1 3 1 0 96 99 0
2 1 1 1 0 102 103 0
2 2 1 1 0 104 105 0
3 0 6 1 0 76 82 0
3 0 3 1 0 88 91 0
3 0 1 1 0 94 95 0
3 1 3 1 0 96 99 0
3 1 1 1 0 102 103 0
3 2 1 1 0 104 105 0
4 0 6 1 0 76 82 0
4 0 3 1 0 88 91 0
4 0 1 1 0 94 95 0
4 1 3 1 0 96 99 0
4 1 1 1 0 102 103 0
4 2 1 1 0 104 105 0
5 0 6 1 0 76 82 0
5 0 3 1 0 88 91 0
5 0 1 1 0 94 95 0
5 1 3 1 0 96 99 0
5 1 1 1 0 102 103 0
5 2 1 1 0 104 105 0
6 0 3 1 0 68 71 0
6 0 1 1 0 74 75 0
7 0 3 1 0 68 71 0
7 0 1 1 0 74 75 0
8 0 3 1 0 68 71 0
8 0 1 1 0 74 75 0
9 0 3 1 0 68 71 0
9 0 1 1 0 74 75 0
10 0 3 1 0 68 71 0
10 0 1 1 0 74 75 0
11 0 3 1 0 68 71 0
11 0 1 1 0 74 75 0
|
0.0 0.0 0.0 0.0 0.0 0.0 0.0 0.0 0.0 0.0 0.0 0.0 0.0 0.0 0.0 0.0 0.0 0.0 0.0 0.0 -1.876485160343987 -1.823152849056934 2.283346898799593 0.0 -4.502324648467687 -1.715096720426624 2.261811236780272 0.0 -5.791252909441333 -1.5405445127699262 -0.02153566201932088 0.0 -4.454908410241787 -1.473859524326736 -2.2835358081164285 0.0 -1.8292578313349563 -1.5821045621739147 -2.261811236780272 0.0 -0.5401406610444742 -1.756656769930579 0.02153566201932088 0.0 -0.8622310443502422 -1.9606788308137373 4.080441218962726 0.0 -5.554360627528704 -1.767613510207092 4.041336990677602 0.0 -7.857543004496093 -1.4557242300104605 -0.03853750043458126 0.0 -5.469351435452401 -1.336522451786802 -4.080252309645889 0.0 -0.7777885802244479 -1.5299655910271186 -4.041714809311275 0.0 1.5259605246934507 -1.841665962006881 0.03872640975141712 0.0 18.731137 2.8253937 0.6401217 0.7619262198165349 1.292370996702112 1.4713190025449525 0.1612778 0.6429777834241421 3047.5249 457.36951 103.94869 29.210155 9.286663 3.163927 1.9012558827120676 3.507511079352715 5.662218081995158 7.370526227802586 6.289283974418693 2.1715389431907424 7.8682724 1.8812885 0.5442493 -1.4163903881029998 -0.6528133260732446 1.8305562330069238 0.1687144 0.665088039862392 7.8682724 1.8812885 0.5442493 2.6526321210673007 2.0338692577523014 1.015043315744541 0.1687144 0.3154456786322328 0.8 1.7657810968610126
