6 20 1 23 0 0
6 24 1 27 0 0
6 28 1 31 0 0
6 32 1 35 0 0
6 36 1 39 0 0
6 40 1 43 0 0
1 44 1 47 0 0
1 48 1 51 0 0
1 52 1 55 0 0
1 56 1 59 0 0
1 60 1 63 0 0
1 64 1 67 0 0
|
0 0 3 1 0 68 71 0
0 0 3 1 0 74 77 0
0 1 3 1 0 80 83 0
1 0 3 1 0 68 71 0
1 0 3 1 0 74 77 0
1 1 3 1 0 80 83 0
2 0 3 1 0 68 71 0
2 0 3 1 0 74 77 0
2 1 3 1 0 80 83 0
3 0 3 1 0 68 71 0
3 0 3 1 0 74 77 0
3 1 3 1 0 80 83 0
4 0 3 1 0 68 71 0
4 0 3 1 0 74 77 0
4 1 3 1 0 80 83 0
5 0 3 1 0 68 71 0
5 0 3 1 0 74 77 0
5 1 3 1 0 80 83 0
6 0 3 1 0 86 89 0
7 0 3 1 0 86 89 0
8 0 3 1 0 86 89 0
9 0 3 1 0 86 89 0
10 0 3 1 0 86 89 0
11 0 3 1 0 86 89 0
|
0.0 0.0 0.0 0.0 0.0 0.0 0.0 0.0 0.0 0.0 0.0 0.0 0.0 0.0 0.0 0.0 0.0 0.0 0.0 0.0 -1.876485160343987 -1.823152849056934 2.283346898799593 0.0 -4.502324648467687 -1.715096720426624 2.261811236780272 0.0 -5.791252909441333 -1.5405445127699262 -0.02153566201932088 0.0 -4.454908410241787 -1.473859524326736 -2.2835358081164285 0.0 -1.8292578313349563 -1.5821045621739147 -2.261811236780272 0.0 -0.5401406610444742 -1.756656769930579 0.02153566201932088 0.0 -0.8622310443502422 -1.9606788308137373 4.080441218962726 0.0 -5.554360627528704 -1.767613510207092 4.041336990677602 0.0 -7.857543004496093 -1.4557242300104605 -0.03853750043458126 0.0 -5.469351435452401 -1.336522451786802 -4.080252309645889 0.0 -0.7777885802244479 -1.5299655910271186 -4.041714809311275 0.0 1.5259605246934507 -1.841665962006881 0.03872640975141712 0.0 71.616837 13.045096 3.5305122 9.598952312851035 9.283688435400752 2.8933202600953507 2.9412494 0.6834831 0.2222899 -0.5672461692027125 0.758737572640197 0.5726305268864764 2.9412494 0.6834831 0.2222899 1.7520264141711592 1.1017212488542159 0.1745311372557006 3.42525091 0.62391373 0.1688554 0.981706749037157 0.9494640084217566 0.295906454323468
